       1       1  0.2360 -1.4439
       1       2  0.2040 -1.5896
       1       3  0.2410 -1.4230
       1       4  0.2320 -1.4610
       2       1  0.1400 -1.9661
       2       2  0.2020 -1.5995
       2       3  0.2280 -1.4784
       2       4  0.2680 -1.3168
       3       1  0.2860 -1.2518
       3       2  0.2750 -1.2910
       3       3  0.3500 -1.0498
       3       4  0.2540 -1.3704
       4       1  0.2380 -1.4355
       4       2  0.4190 -0.8699
       4       3  0.4910 -0.7113
       4       4  0.1940 -1.6399
       5       1  0.4800 -0.7340
       5       2  0.4830 -0.7277
       5       3  0.6410 -0.4447
       5       4  0.5270 -0.6406
       6       1  0.3970 -0.9238
       6       2  0.4030 -0.9088
       6       3  0.4390 -0.8233
       6       4  0.4410 -0.8187
