       1       1       1  5.6892
       1       1       1  6.4857
       1       1       1  5.1995
       1       1       1  4.3202
       1       1       1  7.1693
       1       1       1  6.4346
       1       1       1  6.3315
       1       1       1  5.2151
       1       1       1  6.9970
       1       1       1  5.2075
       1       1       1  6.2905
       1       1       2  7.4588
       1       1       2  5.1069
       1       1       2  6.4293
       1       1       2  7.6139
       1       1       2  8.4870
       1       1       2  5.8559
       1       1       2  8.7593
       1       1       2  8.2538
       1       1       2  4.1787
       1       1       2  6.5411
       1       1       2  5.6333
       1       1       2 11.8420
       1       1       3  6.0310
       1       1       3  5.2035
       1       1       3  4.5959
       1       1       3  6.6560
       1       1       3  5.0605
       1       1       3  5.3445
       1       1       3  4.9351
       1       1       3  5.9865
       1       1       3  6.0111
       1       1       3  4.6731
       1       1       3  5.5648
       1       1       3  5.4580
       1       2       1  7.1889
       1       2       1  8.2178
       1       2       1  9.4882
       1       2       1 10.3046
       1       2       1 11.1506
       1       2       1  9.9128
       1       2       1  8.0273
       1       2       1  6.7505
       1       2       1  7.6305
       1       2       1 11.9526
       1       2       1  7.8262
       1       2       2 10.8375
       1       2       2 11.5374
       1       2       2  6.0285
       1       2       2  6.2289
       1       2       2  8.8105
       1       2       2  6.7110
       1       2       2  6.2350
       1       2       2 10.4130
       1       2       2  9.0806
       1       2       2  4.0989
       1       2       2  2.2160
       1       2       2  7.4426
       1       2       3  9.2383
       1       2       3  8.3436
       1       2       3  7.6902
       1       2       3  7.6417
       1       2       3 10.4374
       1       2       3  7.1492
       1       2       3  6.0170
       1       2       3  3.8035
       1       2       3  7.0960
       1       2       3  5.7850
       1       2       3  6.3544
       1       2       3  3.9637
       1       3       1 11.6793
       1       3       1  7.8775
       1       3       1  9.0794
       1       3       1 10.1041
       1       3       1 11.4115
       1       3       1 10.3939
       1       3       1 10.5447
       1       3       1  9.9947
       1       3       1 10.7531
       1       3       1  9.6096
       1       3       1 11.0447
       1       3       1 10.3874
       1       3       2 18.3489
       1       3       2 12.3586
       1       3       2  5.5380
       1       3       2 16.5519
       1       3       2  7.0136
       1       3       2 11.1380
       1       3       2 14.9047
       1       3       2 15.3476
       1       3       2 18.6171
       1       3       2 15.8371
       1       3       2 15.1224
       1       3       2 11.8221
       1       3       3 10.1080
       1       3       3  9.9924
       1       3       3 12.3504
       1       3       3 10.6766
       1       3       3  9.8809
       1       3       3 10.4354
       1       3       3 11.3159
       1       3       3 12.0378
       1       3       3 10.2222
       1       3       3 11.1790
       1       3       3 12.5436
       1       3       3  9.6977
       1       5       1 18.2878
       1       5       1 15.8116
       1       5       1 14.9016
       1       5       1 16.1916
       1       5       1 15.8103
       1       5       1 16.4261
       1       5       1 15.9606
       1       5       1 12.9345
       1       5       1 12.2411
       1       5       1 18.0073
       1       5       1 16.6389
       1       5       1 13.7487
       1       5       2 15.4686
       1       5       2 15.0819
       1       5       2 15.2436
       1       5       2 14.7161
       1       5       2 14.6612
       1       5       2 15.1445
       1       5       2 15.8270
       1       5       2 15.3968
       1       5       2 14.9662
       1       5       2 13.2925
       1       5       2 15.3116
       1       5       3 15.9368
       1       5       3 14.4271
       1       5       3 15.2283
       1       5       3 16.0477
       1       5       3 14.6111
       1       5       3 14.3802
       1       5       3 15.1764
       1       5       3 14.5615
       1       5       3 14.3358
       1       5       3 14.2802
       1       5       3 15.5553
       1       5       3 13.8996
       2       1       1 13.6684
       2       1       1 16.2248
       2       1       1 14.6016
       2       1       1 14.2044
       2       1       1 14.3515
       2       1       1 13.1564
       2       1       1 11.3053
       2       1       1 11.7408
       2       1       1 13.9164
       2       1       1 13.7562
       2       1       1 13.9745
       2       1       1 13.0196
       2       1       2 13.0742
       2       1       2 11.4085
       2       1       2 11.4314
       2       1       2 12.2923
       2       1       2 11.3603
       2       1       2 12.1092
       2       1       2 14.4908
       2       1       2 10.7094
       2       1       2 11.4730
       2       1       2 12.4331
       2       1       2 11.8529
       2       1       2 11.0048
       2       1       3 13.1008
       2       1       3 23.2368
       2       1       3 17.1079
       2       1       3 17.5538
       2       1       3 15.8196
       2       1       3 19.5337
       2       1       3 15.5085
       2       1       3 13.0258
       2       1       3 18.6507
       2       1       3 17.0551
       2       1       3 19.3198
       2       1       3 19.7275
       2       2       1 16.0669
       2       2       1 16.1503
       2       2       1 16.3155
       2       2       1 14.3760
       2       2       1 15.8940
       2       2       1 15.2711
       2       2       1 17.3032
       2       2       1 15.5261
       2       2       1 14.6427
       2       2       1 17.2547
       2       2       1 17.7942
       2       2       1 16.9653
       2       2       2 14.8623
       2       2       2 14.9743
       2       2       2 13.8677
       2       2       2 14.2252
       2       2       2 13.8522
       2       2       2 12.7466
       2       2       2 13.8172
       2       2       2 13.5726
       2       2       2 13.8697
       2       2       2 14.6883
       2       2       2 12.9488
       2       2       2 13.6151
       2       2       3 19.2771
       2       2       3 16.1297
       2       2       3 21.3282
       2       2       3 17.6136
       2       2       3 17.6456
       2       2       3 17.1659
       2       2       3 16.0963
       2       2       3 15.9934
       2       2       3 18.4717
       2       2       3 18.7684
       2       2       3 18.8359
       2       2       3 14.9542
       2       3       1 16.2810
       2       3       1 16.2273
       2       3       1 16.5678
       2       3       1 15.8356
       2       3       1 16.8681
       2       3       1 17.0069
       2       3       1 17.2802
       2       3       1 17.2417
       2       3       1 15.0052
       2       3       1 16.7875
       2       3       1 15.5187
       2       3       2 16.4679
       2       3       2 19.2500
       2       3       2 18.3558
       2       3       2 16.8638
       2       3       2 18.8968
       2       3       2 19.9506
       2       3       2 15.4768
       2       3       2 22.4915
       2       3       2 15.5264
       2       3       2 16.6279
       2       3       2 19.5565
       2       3       2 18.8162
       2       3       3 19.1549
       2       3       3 22.3655
       2       3       3 21.4711
       2       3       3 22.5840
       2       3       3 19.7112
       2       3       3 21.5559
       2       3       3 20.4279
       2       3       3 20.6009
       2       3       3 20.7492
       2       3       3 23.0850
       2       3       3 23.9712
       2       3       3 21.0032
       2       5       1 21.7205
       2       5       1 22.7515
       2       5       1 21.4771
       2       5       1 21.4089
       2       5       1 23.5595
       2       5       1 22.5122
       2       5       1 22.4161
       2       5       1 21.3417
       2       5       1 22.9402
       2       5       1 21.4463
       2       5       1 24.5846
       2       5       1 23.0014
       2       5       2 24.3816
       2       5       2 24.2741
       2       5       2 22.0005
       2       5       2 27.5528
       2       5       2 22.9875
       2       5       2 22.5866
       2       5       2 26.9847
       2       5       2 26.1465
       2       5       2 26.8160
       2       5       2 22.8473
       2       5       2 25.0962
       2       5       2 27.2463
       2       5       3 24.9453
       2       5       3 26.7160
       2       5       3 27.2217
       2       5       3 26.7982
       2       5       3 25.3211
       2       5       3 27.0234
       2       5       3 26.8142
       2       5       3 25.5659
       2       5       3 26.8171
       2       5       3 25.8119
       2       5       3 25.6183
       2       5       3 26.7070
       3       1       1 13.4808
       3       1       1 14.7884
       3       1       1 14.3398
       3       1       1 15.1949
       3       1       1 14.8126
       3       1       1 13.6918
       3       1       1 14.4606
       3       1       1 13.2858
       3       1       1 14.7307
       3       1       1 13.7258
       3       1       1 13.3831
       3       1       1 13.4255
       3       1       2  9.7845
       3       1       2 12.7033
       3       1       2 12.6883
       3       1       2 11.4992
       3       1       2 10.9866
       3       1       2 12.4096
       3       1       2 11.9104
       3       1       2 11.4034
       3       1       2 11.0136
       3       1       2 13.0670
       3       1       2 12.0039
       3       1       3 17.3805
       3       1       3 18.8301
       3       1       3 22.5188
       3       1       3 15.1915
       3       1       3 19.1178
       3       1       3 13.3040
       3       1       3 19.6455
       3       1       3 21.9350
       3       1       3 13.2223
       3       1       3 16.5701
       3       1       3 18.2236
       3       1       3 21.3807
       3       2       1 15.7790
       3       2       1 15.4111
       3       2       1 15.7573
       3       2       1 15.4053
       3       2       1 17.1659
       3       2       1 17.4933
       3       2       1 15.7061
       3       2       1 18.0482
       3       2       1 17.8787
       3       2       1 18.7598
       3       2       1 16.2452
       3       2       1 15.7901
       3       2       2 10.0758
       3       2       2 16.5551
       3       2       2 19.7382
       3       2       2 14.7741
       3       2       2 12.9479
       3       2       2 16.0637
       3       2       2 12.3027
       3       2       2  9.8366
       3       2       2 21.5630
       3       2       2 16.5058
       3       2       2 14.2489
       3       2       2 21.2682
       3       2       3 17.5809
       3       2       3 20.8474
       3       2       3 20.8938
       3       2       3 18.0687
       3       2       3 20.0215
       3       2       3 18.1656
       3       2       3 14.4554
       3       2       3 15.5651
       3       2       3 27.5078
       3       2       3 19.8949
       3       2       3 21.0148
       3       2       3 18.5440
       3       3       1 22.0629
       3       3       1 13.9063
       3       3       1 14.6225
       3       3       1 14.2439
       3       3       1 17.5590
       3       3       1 15.2891
       3       3       1 15.1477
       3       3       1 19.7832
       3       3       1 15.9445
       3       3       1 15.7585
       3       3       1 14.4668
       3       3       1 20.2955
       3       3       2 18.7839
       3       3       2 18.6501
       3       3       2 20.7418
       3       3       2 19.1203
       3       3       2 21.1132
       3       3       2 17.2777
       3       3       2 16.1561
       3       3       2 20.5967
       3       3       2 18.5554
       3       3       2 15.3356
       3       3       2 18.7259
       3       3       2 17.9033
       3       3       3 18.8876
       3       3       3 20.5404
       3       3       3 22.6794
       3       3       3 23.4999
       3       3       3 20.7722
       3       3       3 21.6006
       3       3       3 18.7874
       3       3       3 21.5378
       3       3       3 16.7180
       3       3       3 16.8918
       3       3       3 23.0794
       3       3       3 20.7654
       3       5       1 21.1133
       3       5       1 21.9992
       3       5       1 22.0489
       3       5       1 23.3930
       3       5       1 24.1057
       3       5       1 20.6189
       3       5       1 24.3122
       3       5       1 22.4233
       3       5       1 21.9196
       3       5       1 23.1431
       3       5       1 24.1445
       3       5       1 22.9384
       3       5       2 26.2680
       3       5       2 23.9322
       3       5       2 26.4760
       3       5       2 27.2030
       3       5       2 24.3165
       3       5       2 27.1147
       3       5       2 30.4703
       3       5       2 24.4217
       3       5       2 22.4495
       3       5       2 21.6429
       3       5       2 25.9436
       3       5       2 26.6013
       3       5       3 30.4045
       3       5       3 28.4435
       3       5       3 19.8889
       3       5       3 29.1414
       3       5       3 25.9852
       3       5       3 38.3273
       3       5       3 33.1902
       3       5       3 23.3188
       3       5       3 32.3619
       3       5       3 22.9227
       3       5       3 25.1814
       3       5       3 32.2341
