      20       1       1  372.17    3.06   30.52    0.77   55.45    1.96
      20       1       2  372.83    3.87   31.43    0.47   54.98    1.95
      20       2       1  368.67    5.57   29.35    0.74   57.71    1.89
      20       2       2  369.50    3.02   31.98    1.15   58.60    2.04
      22       1       1  367.17    5.49   28.47    0.71   56.62    0.38
      22       1       2  370.67    5.20   29.70    0.52   55.33    0.63
      22       2       1  370.33    3.27   27.65    0.60   58.03    2.07
      22       2       2  371.00    1.41   29.83    0.57   59.27    1.73
      24       1       1  365.67    5.72   27.10    1.02   55.13    0.48
      24       1       2  370.50    4.85   28.37    1.42   55.78    0.88
      24       2       1  371.17    4.36   26.03    0.56   57.10    2.48
      24       2       2  368.17    3.97   27.75    2.10   56.85    2.54
      26       1       1  369.00    5.33   24.90    1.02    0.54    0.38
      26       1       2  369.33    7.12   25.50    1.18   54.42    0.61
      26       2       1  371.83    2.32   23.93    0.42   56.79    2.54
      26       2       2  370.50    3.62   25.48    0.71   58.25    1.79
      28       1       1  367.67    6.22   23.08    0.60   52.15    1.33
      28       1       2  371.67    2.73   24.17    0.31   52.45    0.58
      28       2       1  367.67    4.68   21.15    0.86   55.45    1.72
      28       2       2  372.00    2.76   22.80    1.96   57.60    1.41
      30       1       1  370.67    6.95   21.90    0.85   50.50    0.41
      30       1       2  370.50    5.75   23.10    0.74   50.27    0.58
      30       2       1  371.17    2.93   19.85    0.76   54.20    3.58
      30       2       2  368.50    3.83   22.25    1.35   56.32    3.06
      32       1       1  370.83    6.40   19.85    0.30   48.25    1.03
      32       1       2  369.67    5.32   20.78    0.62   48.76    1.16
      32       2       1  370.00    3.10   18.50    1.11   54.60    1.44
      32       2       2  369.67    2.42   21.27    1.24   55.85    1.97
