       1       1       1  1.3733
       1       1       1  1.9343
       1       1       1  1.8824
       1       1       2  1.1164
       1       1       2  1.9562
       1       1       2  1.5174
       1       1       3  1.6699
       1       1       3  0.9681
       1       1       3  2.1620
       1       2       1  1.8816
       1       2       1  2.4737
       1       2       1  0.8346
       1       2       2  2.2029
       1       2       2  1.5715
       1       2       2  1.6255
       1       2       3  2.5119
       1       2       3  1.8191
       1       2       3  0.8591
       1       3       1  1.3695
       1       3       1  1.7273
       1       3       1  1.7032
       1       3       2  1.1171
       1       3       2  1.7914
       1       3       2  1.2915
       1       3       3  1.9704
       1       3       3  1.4856
       1       3       3  1.1340
       2       1       1  1.1637
       2       1       1  1.6867
       2       1       1  1.9495
       2       1       2  0.5897
       2       1       2  2.2383
       2       1       2  1.5819
       2       1       3  0.5984
       2       1       3  1.5607
       2       1       3  2.2510
       2       2       1  1.4514
       2       2       1  2.0448
       2       2       1  1.9038
       2       2       2  1.8122
       2       2       2  1.3144
       2       2       2  1.8834
       2       2       3  1.2036
       2       2       3  1.1979
       2       2       3  1.4085
       2       3       1  0.9762
       2       3       1  1.0286
       2       3       1  1.2052
       2       3       2  1.0736
       2       3       2  1.3621
       2       3       2  1.9744
       2       3       3  1.2618
       2       3       3  1.4966
       2       3       3  2.0415
       3       1       1  1.7887
       3       1       1  1.7158
       3       1       1  2.2855
       3       1       2  2.0935
       3       1       2  2.2192
       3       1       2  1.2972
       3       1       3  1.4643
       3       1       3  1.9975
       3       1       3  1.3382
       3       2       1  1.5898
       3       2       1  1.2052
       3       2       1  2.0050
       3       2       2  2.6581
       3       2       2  1.6757
       3       2       2  1.4562
       3       2       3  2.4085
       3       2       3  1.0162
       3       2       3  1.5853
       3       3       1  1.3813
       3       3       1  2.5793
       3       3       1  2.0394
       3       3       2  1.8742
       3       3       2  1.5407
       3       3       2  2.3751
       3       3       3  1.6364
       3       3       3  0.6275
       3       3       3  1.7261

