       1       1      91       1       0  50.002
       1       1      91       2       0  50.004
       1       1      91       1       5  58.316
       1       1      91       2       5  58.270
       1       1      91       1      10  61.710
       1       1      91       2      10  61.630
       1       1      91       1      15  64.249
       1       1      91       2      15  64.305
       1       1      91       1      20  66.580
       1       1      91       2      20  66.538
       1       1      91       1      30  70.424
       1       1      91       2      30  70.359
       1       1      91       1      35  71.885
       1       1      91       2      35  71.635
       1       2      91       1       0  50.002
       1       2      91       2       0  50.002
       1       2      91       1       5  60.773
       1       2      91       2       5  60.823
       1       2      91       1      10  65.261
       1       2      91       2      10  65.153
       1       2      91       1      15  68.470
       1       2      91       2      15  68.323
       1       2      91       1      20  71.215
       1       2      91       2      20  71.103
       1       2      91       1      30  74.708
       1       2      91       2      30  74.882
       1       2      91       1      35  75.871
       1       2      91       2      35  75.850
       2       1      91       1       0  50.007
       2       1      91       2       0  50.004
       2       1      91       1       5  58.328
       2       1      91       2       5  58.299
       2       1      91       1      10  61.758
       2       1      91       2      10  61.764
       2       1      91       1      15  64.219
       2       1      91       2      15  64.199
       2       1      91       1      20  66.742
       2       1      91       2      20  66.755
       2       1      91       1      30  70.411
       2       1      91       2      30  70.506
       2       1      91       1      35  71.600
       2       1      91       2      35  71.826
       2       2      91       1       0  50.009
       2       2      91       2       0  50.007
       2       2      91       1       5  60.851
       2       2      91       2       5  60.850
       2       2      91       1      10  65.229
       2       2      91       2      10  65.342
       2       2      91       1      15  68.537
       2       2      91       2      15  68.574
       2       2      91       1      20  71.408
       2       2      91       2      20  71.510
       2       2      91       1      30  74.828
       2       2      91       2      30  74.932
       2       2      91       1      35  76.060
       2       2      91       2      35  76.157
       1       1      92       1       0  50.040
       1       1      92       2       0  50.095
       1       1      92       1       5  63.802
       1       1      92       2       5  64.029
       1       1      92       1      10  67.990
       1       1      92       2      10  68.159
       1       1      92       1      15  70.987
       1       1      92       2      15  71.215
       1       1      92       1      20  73.110
       1       1      92       2      20  73.288
       1       1      92       1      30  76.419
       1       1      92       2      30  76.531
       1       1      92       1      35  77.423
       1       1      92       2      35  77.590
       1       2      92       1       0  50.080
       1       2      92       2       0  50.083
       1       2      92       1       5  62.296
       1       2      92       2       5  62.484
       1       2      92       1      10  66.819
       1       2      92       2      10  66.678
       1       2      92       1      15  69.385
       1       2      92       2      15  69.305
       1       2      92       1      20  71.610
       1       2      92       2      20  71.613
       1       2      92       1      30  74.271
       1       2      92       2      30  74.251
       1       2      92       1      35  75.409
       1       2      92       2      35  75.463
       2       1      92       1       0  50.088
       2       1      92       2       0  50.021
       2       1      92       1       5  64.076
       2       1      92       2       5  63.944
       2       1      92       1      10  68.515
       2       1      92       2      10  68.368
       2       1      92       1      15  71.814
       2       1      92       2      15  71.654
       2       1      92       1      20  73.896
       2       1      92       2      20  73.692
       2       1      92       1      30  77.531
       2       1      92       2      30  77.323
       2       1      92       1      35  78.401
       2       1      92       2      35  78.193
       2       2      92       1       0  50.023
       2       2      92       2       0  50.005
       2       2      92       1       5  61.703
       2       2      92       2       5  61.751
       2       2      92       1      10  65.901
       2       2      92       2      10  65.769
       2       2      92       1      15  68.835
       2       2      92       2      15  68.625
       2       2      92       1      20  70.788
       2       2      92       2      20  70.746
       2       2      92       1      30  73.697
       2       2      92       2      30  73.588
       2       2      92       1      35  74.831
       2       2      92       2      35  74.588
