       1       1       1      98
       1       1       1      99
       1       1       1      98
       1       1       1     100
       1       1       2     105
       1       1       2     105
       1       1       2      98
       1       1       2      96
       1       1       3      74
       1       1       3      70
       1       1       3      81
       1       1       3      81
       1       1       4     135
       1       1       4     130
       1       1       4     135
       1       1       4     120
       1       1       5      45
       1       1       5      50
       1       1       5      50
       1       1       5      48
       1       2       1      94
       1       2       1      92
       1       2       1      96
       1       2       1      93
       1       2       2      89
       1       2       2      88
       1       2       2      89
       1       2       2      87
       1       2       3      84
       1       2       3      82
       1       2       3      78
       1       2       3      81
       1       2       4     140
       1       2       4     140
       1       2       4     126
       1       2       4     131
       1       2       5      49
       1       2       5      48
       1       2       5      52
       1       2       5      47
       2       1       1      90
       2       1       1      90
       2       1       1      98
       2       1       1      90
       2       1       2      97
       2       1       2      98
       2       1       2      94
       2       1       2      99
       2       1       3      87
       2       1       3      94
       2       1       3      87
       2       1       3      99
       2       1       4     138
       2       1       4     120
       2       1       4     144
       2       1       4     129
       2       1       5      60
       2       1       5      56
       2       1       5      59
       2       1       5      58
       2       2       1      91
       2       2       1      99
       2       2       1     100
       2       2       1      96
       2       2       2     102
       2       2       2     114
       2       2       2     126
       2       2       2     100
       2       2       3     100
       2       2       3      93
       2       2       3     100
       2       2       3     100
       2       2       4     147
       2       2       4     140
       2       2       4     134
       2       2       4     147
       2       2       5      50
       2       2       5      60
       2       2       5      66
       2       2       5      72
       3       1       1      93
       3       1       1      90
       3       1       1      90
       3       1       1      90
       3       1       2      72
       3       1       2      83
       3       1       2      84
       3       1       2      85
       3       1       3      93
       3       1       3      97
       3       1       3     100
       3       1       3      98
       3       1       4     142
       3       1       4     135
       3       1       4     135
       3       1       4     141
       3       1       5      51
       3       1       5      55
       3       1       5      56
       3       1       5      53
       3       2       1      98
       3       2       1      98
       3       2       1      99
       3       2       1      95
       3       2       2      77
       3       2       2      79
       3       2       2      79
       3       2       2      79
       3       2       3      90
       3       2       3      89
       3       2       3      89
       3       2       3      92
       3       2       4     135
       3       2       4     141
       3       2       4     135
       3       2       4     132
       3       2       5      51
       3       2       5      52
       3       2       5      52
       3       2       5      50
       4       1       1      96
       4       1       1     100
       4       1       1      92
       4       1       1     100
       4       1       2      79
       4       1       2      78
       4       1       2      79
       4       1       2      79
       4       1       3      99
       4       1       3      96
       4       1       3      90
       4       1       3      93
       4       1       4     141
       4       1       4     138
       4       1       4     141
       4       1       4     141
       4       1       5      51
       4       1       5      51
       4       1       5      54
       4       1       5      55
       4       2       1      98
       4       2       1      96
       4       2       1      98
       4       2       1      98
       4       2       2      78
       4       2       2      76
       4       2       2      75
       4       2       2      75
       4       2       3      93
       4       2       3      93
       4       2       3      92
       4       2       3      92
       4       2       4     142
       4       2       4     138
       4       2       4     141
       4       2       4     132
       4       2       5      51
       4       2       5      54
       4       2       5      51
       4       2       5      48
       5       1       1      79
       5       1       1      85
       5       1       1      98
       5       1       1      98
       5       1       2      88
       5       1       2      89
       5       1       2      76
       5       1       2      90
       5       1       3      67
       5       1       3      86
       5       1       3      64
       5       1       3      73
       5       1       4     129
       5       1       4      84
       5       1       4      94
       5       1       4      96
       5       1       5      45
       5       1       5      53
       5       1       5      44
       5       1       5      49
       5       2       1      93
       5       2       1      90
       5       2       1      90
       5       2       1      96
       5       2       2      85
       5       2       2      70
       5       2       2      69
       5       2       2      48
       5       2       3      71
       5       2       3      74
       5       2       3      64
       5       2       3      86
       5       2       4      91
       5       2       4      98
       5       2       4     100
       5       2       4     115
       5       2       5      54
       5       2       5      49
       5       2       5      45
       5       2       5      56
