       1       1       1       1       1      24
       1       1       1       1       2      24
       1       1       1       2       3      26
       1       1       1       2       4      26
       1       1       2       1       1      18
       1       1       2       1       2      20
       1       1       2       2       3      18
       1       1       2       2       4      18
       1       2       1       1       1       8
       1       2       1       1       2       8
       1       2       1       2       3      11
       1       2       1       2       4       9
       1       2       2       1       1       6
       1       2       2       1       2       6
       1       2       2       2       3       8
       1       2       2       2       4       9
       2       1       1       1       1      19
       2       1       1       1       2      18
       2       1       1       2       3      21
       2       1       1       2       4      22
       2       1       2       1       1      19
       2       1       2       1       2      20
       2       1       2       2       3      22
       2       1       2       2       4      22
       2       2       1       1       1       9
       2       2       1       1       2       9
       2       2       1       2       3      12
       2       2       1       2       4      12
       2       2       2       1       1       9
       2       2       2       1       2      10
       2       2       2       2       3      12
       2       2       2       2       4      11
       3       1       1       1       1      11
       3       1       1       1       2      11
       3       1       1       2       3      12
       3       1       1       2       4      12
       3       1       2       1       1      10
       3       1       2       1       2      11
       3       1       2       2       3      11
       3       1       2       2       4      12
       3       2       1       1       1       6
       3       2       1       1       2       9
       3       2       1       2       3       9
       3       2       1       2       4      10
       3       2       2       1       1       7
       3       2       2       1       2       9
       3       2       2       2       3       8
       3       2       2       2       4       9
       4       1       1       1       1      16
       4       1       1       1       2      16
       4       1       1       2       3      16
       4       1       1       2       4      15
       4       1       2       1       1      18
       4       1       2       1       2      18
       4       1       2       2       3      16
       4       1       2       2       4      16
       4       2       1       1       1       6
       4       2       1       1       2       6
       4       2       1       2       3       8
       4       2       1       2       4       8
       4       2       2       1       1       7
       4       2       2       1       2       6
       4       2       2       2       3       7
       4       2       2       2       4       9
       5       1       1       1       1      15
       5       1       1       1       2      15
       5       1       1       2       3      15
       5       1       1       2       4      14
       5       1       2       1       1      17
       5       1       2       1       2      16
       5       1       2       2       3      16
       5       1       2       2       4      16
       5       2       1       1       1       9
       5       2       1       1       2      10
       5       2       1       2       3      10
       5       2       1       2       4      10
       5       2       2       1       1      11
       5       2       2       1       2      10
       5       2       2       2       3      10
       5       2       2       2       4      10
       6       1       1       1       1      16
       6       1       1       1       2      16
       6       1       1       2       3      15
       6       1       1       2       4      16
       6       1       2       1       1      15
       6       1       2       1       2      16
       6       1       2       2       3      15
       6       1       2       2       4      14
       6       2       1       1       1      10
       6       2       1       1       2      10
       6       2       1       2       3      10
       6       2       1       2       4       9
       6       2       2       1       1       7
       6       2       2       1       2       8
       6       2       2       2       3       7
       6       2       2       2       4       7
       7       1       1       1       1      25
       7       1       1       1       2      24
       7       1       1       2       3      26
       7       1       1       2       4      25
       7       1       2       1       1      24
       7       1       2       1       2      24
       7       1       2       2       3      25
       7       1       2       2       4      25
       7       2       1       1       1       9
       7       2       1       1       2       9
       7       2       1       2       3       9
       7       2       1       2       4       9
       7       2       2       1       1       7
       7       2       2       1       2       8
       7       2       2       2       3       9
       7       2       2       2       4       8
       8       1       1       1       1      19
       8       1       1       1       2      20
       8       1       1       2       3      20
       8       1       1       2       4      20
       8       1       2       1       1      18
       8       1       2       1       2      19
       8       1       2       2       3      18
       8       1       2       2       4      19
       8       2       1       1       1       9
       8       2       1       1       2       9
       8       2       1       2       3      11
       8       2       1       2       4      11
       8       2       2       1       1      12
       8       2       2       1       2      11
       8       2       2       2       3      12
       8       2       2       2       4      11
       9       1       1       1       1      15
       9       1       1       1       2      15
       9       1       1       2       3      15
       9       1       1       2       4      16
       9       1       2       1       1      16
       9       1       2       1       2      16
       9       1       2       2       3      18
       9       1       2       2       4      19
       9       2       1       1       1       8
       9       2       1       1       2       9
       9       2       1       2       3       9
       9       2       1       2       4       9
       9       2       2       1       1       8
       9       2       2       1       2       8
       9       2       2       2       3       7
       9       2       2       2       4       8
      10       1       1       1       1      18
      10       1       1       1       2      18
      10       1       1       2       3      21
      10       1       1       2       4      20
      10       1       2       1       1      19
      10       1       2       1       2      20
      10       1       2       2       3      21
      10       1       2       2       4      20
      10       2       1       1       1      11
      10       2       1       1       2      10
      10       2       1       2       3      12
      10       2       1       2       4      12
      10       2       2       1       1       9
      10       2       2       1       2       9
      10       2       2       2       3      12
      10       2       2       2       4      11
      11       1       1       1       1      25
      11       1       1       1       2      25
      11       1       1       2       3      28
      11       1       1       2       4      26
      11       1       2       1       1      26
      11       1       2       1       2      27
      11       1       2       2       3      29
      11       1       2       2       4      29
      11       2       1       1       1      12
      11       2       1       1       2      13
      11       2       1       2       3      15
      11       2       1       2       4      15
      11       2       2       1       1      12
      11       2       2       1       2      12
      11       2       2       2       3      14
      11       2       2       2       4      14
      12       1       1       1       1      25
      12       1       1       1       2      25
      12       1       1       2       3      26
      12       1       1       2       4      25
      12       1       2       1       1      25
      12       1       2       1       2      25
      12       1       2       2       3      24
      12       1       2       2       4      24
      12       2       1       1       1       9
      12       2       1       1       2      10
      12       2       1       2       3      10
      12       2       1       2       4      10
      12       2       2       1       1      10
      12       2       2       1       2      10
      12       2       2       2       3       9
      12       2       2       2       4      10
