 23.4082       1       1
 20.8607       1       1
 25.0826       1       1
 24.4305       1       1
 26.6458       1       1
 24.2393       1       1
 25.4579       1       1
 26.9010       1       1
 23.4047       1       1
 25.1650       1       1
 26.1495       1       1
 25.6991       1       1
 26.9496       1       1
 23.3837       1       1
 24.9058       1       1
 25.2126       1       1
 24.0316       1       1
 26.4743       1       1
 22.1215       1       1
 24.9148       1       1
 25.7800       1       1
 29.0961       1       1
 23.1604       1       1
 28.7950       1       1
 25.5831       1       1
 25.6187       1       1
 24.7957       1       1
 25.7221       1       1
 26.1996       1       1
 26.4110       1       1
 18.4094       1       2
 16.6468       1       2
 19.7476       1       2
 18.5346       1       2
 18.8293       1       2
 20.0242       1       2
 18.6172       1       2
 19.6493       1       2
 20.1524       1       2
 20.9225       1       2
 19.7887       1       2
 20.3249       1       2
 19.6390       1       2
 19.0051       1       2
 19.6828       1       2
 18.4583       1       2
 19.8434       1       2
 19.9320       1       2
 20.1007       1       2
 19.4128       1       2
 17.6947       1       2
 19.6877       1       2
 21.0798       1       2
 19.2588       1       2
 20.3988       1       2
 20.5464       1       2
 19.6555       1       2
 20.2089       1       2
 21.2581       1       2
 19.2905       1       2
 23.6785       1       3
 22.6330       1       3
 22.7099       1       3
 24.8387       1       3
 21.4489       1       3
 23.1912       1       3
 23.7825       1       3
 23.3724       1       3
 24.3948       1       3
 24.1235       1       3
 21.4988       1       3
 22.2214       1       3
 21.8202       1       3
 24.8352       1       3
 23.3293       1       3
 21.8605       1       3
 24.0284       1       3
 21.5587       1       3
 22.1478       1       3
 21.6780       1       3
 24.4385       1       3
 24.1216       1       3
 22.1218       1       3
 20.1418       1       3
 22.3887       1       3
 22.6705       1       3
 23.1683       1       3
 25.4322       1       3
 24.6195       1       3
 24.4452       1       3
 22.0744       1       4
 22.7898       1       4
 22.6659       1       4
 24.2279       1       4
 23.8152       1       4
 23.4389       1       4
 22.3348       1       4
 22.5658       1       4
 20.1349       1       4
 20.5288       1       4
 22.8457       1       4
 21.5616       1       4
 23.9556       1       4
 22.3430       1       4
 21.3025       1       4
 24.2426       1       4
 22.1862       1       4
 22.7772       1       4
 21.3342       1       4
 19.9262       1       4
 23.6314       1       4
 22.7131       1       4
 23.4913       1       4
 21.4965       1       4
 22.8726       1       4
 20.0458       1       4
 20.6737       1       4
 20.9935       1       4
 21.5819       1       4
 21.1489       1       4
 23.5582       1       5
 23.4077       1       5
 23.1430       1       5
 19.9348       1       5
 23.2613       1       5
 20.7751       1       5
 22.0887       1       5
 21.3560       1       5
 23.2545       1       5
 21.7771       1       5
 24.5732       1       5
 19.6395       1       5
 18.0982       1       5
 21.0370       1       5
 20.7275       1       5
 20.8724       1       5
 22.1147       1       5
 20.6314       1       5
 22.1130       1       5
 19.9429       1       5
 23.6627       1       5
 20.1694       1       5
 23.7144       1       5
 22.4363       1       5
 20.3872       1       5
 23.1342       1       5
 21.4472       1       5
 21.8541       1       5
 22.6805       1       5
 22.2079       1       5
 21.6969       1       6
 22.5021       1       6
 21.1339       1       6
 20.6245       1       6
 21.7077       1       6
 24.1683       1       6
 21.1105       1       6
 23.4129       1       6
 22.0561       1       6
 19.9994       1       6
 19.9991       1       6
 21.4795       1       6
 20.2439       1       6
 20.1348       1       6
 23.5690       1       6
 19.5671       1       6
 20.8997       1       6
 22.5587       1       6
 22.9298       1       6
 19.7112       1       6
 21.3776       1       6
 21.0567       1       6
 23.0986       1       6
 24.2592       1       6
 23.7164       1       6
 22.0237       1       6
 22.0080       1       6
 23.4528       1       6
 24.5856       1       6
 20.1163       1       6
 23.7731       1       7
 23.6454       1       7
 24.2027       1       7
 23.9260       1       7
 24.4773       1       7
 21.4499       1       7
 21.2043       1       7
 22.8384       1       7
 23.1601       1       7
 23.3450       1       7
 23.1921       1       7
 21.1346       1       7
 22.9117       1       7
 22.7670       1       7
 23.9101       1       7
 22.3353       1       7
 23.8160       1       7
 23.0658       1       7
 24.0841       1       7
 23.5658       1       7
 23.2300       1       7
 23.6751       1       7
 23.7627       1       7
 21.3045       1       7
 23.8315       1       7
 23.3366       1       7
 24.6328       1       7
 21.8862       1       7
 23.1287       1       7
 25.0072       1       7
 20.4030       1       8
 25.1354       1       8
 21.7439       1       8
 24.4664       1       8
 19.9762       1       8
 22.9949       1       8
 21.2195       1       8
 22.7559       1       8
 22.6246       1       8
 24.5015       1       8
 22.0509       1       8
 22.9625       1       8
 25.2076       1       8
 24.4903       1       8
 24.1412       1       8
 21.8654       1       8
 20.5238       1       8
 22.4975       1       8
 22.5378       1       8
 23.3925       1       8
 21.7696       1       8
 22.9469       1       8
 22.8623       1       8
 18.7175       1       8
 22.8378       1       8
 22.0067       1       8
 24.5972       1       8
 22.1508       1       8
 23.7488       1       8
 19.3715       1       8
 26.3621       1       9
 25.4859       1       9
 27.6715       1       9
 23.4664       1       9
 25.1419       1       9
 24.3067       1       9
 26.7533       1       9
 23.9024       1       9
 23.4708       1       9
 26.7661       1       9
 23.5179       1       9
 21.4700       1       9
 25.9006       1       9
 26.7385       1       9
 23.8117       1       9
 22.0067       1       9
 25.9348       1       9
 23.9528       1       9
 29.4093       1       9
 23.4981       1       9
 27.9479       1       9
 25.4464       1       9
 24.6095       1       9
 27.5546       1       9
 27.1296       1       9
 22.7322       1       9
 25.4915       1       9
 25.2651       1       9
 23.9176       1       9
 25.1381       1       9
 18.9610       1      10
 19.2537       1      10
 20.1095       1      10
 20.7291       1      10
 19.6381       1      10
 16.6145       1      10
 18.6052       1      10
 17.5555       1      10
 22.5736       1      10
 21.6885       1      10
 19.4264       1      10
 19.2548       1      10
 19.3016       1      10
 19.6649       1      10
 23.9470       1      10
 21.0782       1      10
 18.8417       1      10
 19.6987       1      10
 20.3322       1      10
 20.4184       1      10
 18.7020       1      10
 19.9148       1      10
 20.9140       1      10
 20.5017       1      10
 21.1059       1      10
 17.1184       1      10
 20.8530       1      10
 20.6407       1      10
 22.0275       1      10
 19.6294       1      10
 27.7948       1      11
 26.6400       1      11
 27.3799       1      11
 22.4197       1      11
 23.1315       1      11
 22.2744       1      11
 26.0300       1      11
 22.1347       1      11
 25.9650       1      11
 22.6132       1      11
 28.0565       1      11
 28.1803       1      11
 27.2835       1      11
 25.0379       1      11
 22.1370       1      11
 23.7926       1      11
 24.7874       1      11
 25.4182       1      11
 22.6493       1      11
 28.4355       1      11
 24.9767       1      11
 25.3564       1      11
 23.7175       1      11
 24.4047       1      11
 28.1410       1      11
 27.9382       1      11
 27.2829       1      11
 26.6322       1      11
 25.5120       1      11
 26.7768       1      11
 28.4689       1      12
 21.7282       1      12
 27.4687       1      12
 23.9242       1      12
 26.5682       1      12
 25.8919       1      12
 26.9822       1      12
 25.3586       1      12
 24.0842       1      12
 27.0912       1      12
 28.2346       1      12
 25.1928       1      12
 25.1263       1      12
 23.2610       1      12
 24.7243       1      12
 25.7961       1      12
 24.1631       1      12
 23.9950       1      12
 26.6407       1      12
 25.8584       1      12
 24.3373       1      12
 26.7097       1      12
 28.2913       1      12
 24.0816       1      12
 24.7006       1      12
 22.6631       1      12
 25.2656       1      12
 27.9150       1      12
 23.0566       1      12
 23.5206       1      12
 26.1771       1      13
 26.7124       1      13
 25.6930       1      13
 24.9149       1      13
 24.1567       1      13
 24.8244       1      13
 27.7746       1      13
 20.2506       1      13
 23.8120       1      13
 28.2578       1      13
 21.7757       1      13
 21.4666       1      13
 21.0879       1      13
 24.5549       1      13
 27.2110       1      13
 25.7582       1      13
 24.4006       1      13
 23.2007       1      13
 20.8955       1      13
 24.4312       1      13
 26.3754       1      13
 22.4512       1      13
 20.2986       1      13
 27.4335       1      13
 24.7578       1      13
 21.6085       1      13
 22.7766       1      13
 25.0758       1      13
 26.8983       1      13
 16.1687       1      13
 23.2577       2      14
 22.5301       2      14
 20.9613       2      14
 21.1192       2      14
 22.0241       2      14
 19.0841       2      14
 22.1057       2      14
 21.8446       2      14
 19.7961       2      14
 20.7082       2      14
 22.8523       2      14
 21.0880       2      14
 19.7177       2      14
 17.7370       2      14
 21.4027       2      14
 21.4652       2      14
 22.7712       2      14
 18.8233       2      14
 21.4574       2      14
 20.9389       2      14
 21.1802       2      14
 22.4266       2      14
 22.0953       2      14
 20.4243       2      14
 23.5867       2      14
 17.9546       2      14
 21.5459       2      14
 25.0008       2      14
 20.6574       2      14
 19.4435       2      14
 21.5793       2      15
 22.8702       2      15
 22.5549       2      15
 21.2736       2      15
 21.8945       2      15
 21.0086       2      15
 22.7090       2      15
 21.3128       2      15
 18.5994       2      15
 20.5529       2      15
 20.7299       2      15
 19.7188       2      15
 22.9393       2      15
 18.9327       2      15
 24.2466       2      15
 21.4324       2      15
 20.7724       2      15
 23.3782       2      15
 21.3979       2      15
 23.8101       2      15
 21.0961       2      15
 20.8148       2      15
 21.0015       2      15
 21.0930       2      15
 20.6715       2      15
 23.9353       2      15
 22.5721       2      15
 21.4833       2      15
 20.9980       2      15
 23.2207       2      15
 19.2492       2      16
 18.4598       2      16
 16.2259       2      16
 17.2808       2      16
 17.7282       2      16
 14.3618       2      16
 19.6512       2      16
 18.2139       2      16
 18.6747       2      16
 18.0013       2      16
 17.1998       2      16
 17.9006       2      16
 17.5308       2      16
 17.0090       2      16
 16.3331       2      16
 16.9014       2      16
 17.2324       2      16
 18.3555       2      16
 18.3353       2      16
 16.2438       2      16
 17.9528       2      16
 17.8926       2      16
 18.6066       2      16
 16.8214       2      16
 18.3216       2      16
 19.5233       2      16
 18.1039       2      16
 17.4142       2      16
 16.8745       2      16
 16.8007       2      16
 20.4349       2      17
 25.5241       2      17
 22.2974       2      17
 23.8730       2      17
 24.0383       2      17
 20.8925       2      17
 20.7228       2      17
 21.2673       2      17
 23.0230       2      17
 24.5643       2      17
 21.5984       2      17
 26.6106       2      17
 20.8023       2      17
 21.9648       2      17
 24.3145       2      17
 23.0902       2      17
 22.8871       2      17
 23.5079       2      17
 23.3427       2      17
 21.4735       2      17
 25.4466       2      17
 22.0982       2      17
 19.8665       2      17
 21.1912       2      17
 25.1817       2      17
 21.9736       2      17
 20.8009       2      17
 21.7048       2      17
 23.2378       2      17
 23.5692       2      17
 26.8489       2      18
 24.9417       2      18
 22.1435       2      18
 22.7514       2      18
 18.6284       2      18
 24.1942       2      18
 23.3084       2      18
 21.1871       2      18
 21.6755       2      18
 23.9220       2      18
 23.7508       2      18
 20.6039       2      18
 25.1043       2      18
 25.3041       2      18
 23.7220       2      18
 24.7769       2      18
 22.7999       2      18
 24.5297       2      18
 21.8407       2      18
 20.9604       2      18
 23.6190       2      18
 23.9683       2      18
 22.8778       2      18
 23.2353       2      18
 22.0305       2      18
 23.5910       2      18
 24.4187       2      18
 20.5956       2      18
 22.6759       2      18
 23.2942       2      18
 22.3947       2      19
 20.4998       2      19
 20.5537       2      19
 22.2498       2      19
 21.0259       2      19
 20.8150       2      19
 22.5584       2      19
 19.9161       2      19
 21.9933       2      19
 22.0234       2      19
 19.8642       2      19
 20.5461       2      19
 25.6396       2      19
 21.5883       2      19
 20.5679       2      19
 23.5353       2      19
 20.4855       2      19
 20.6362       2      19
 24.5918       2      19
 22.5581       2      19
 26.1021       2      19
 24.1617       2      19
 23.9074       2      19
 22.0777       2      19
 21.1506       2      19
 20.9999       2      19
 22.2126       2      19
 19.0061       2      19
 20.8388       2      19
 21.0000       2      19
 22.3083       3      20
 23.0043       3      20
 21.8170       3      20
 22.7854       3      20
 21.0854       3      20
 22.3869       3      20
 22.9601       3      20
 22.2172       3      20
 19.0099       3      20
 24.9867       3      20
 23.2538       3      20
 20.0906       3      20
 19.8543       3      20
 23.5240       3      20
 23.2968       3      20
 19.3731       3      20
 23.5850       3      20
 22.7867       3      20
 20.6091       3      20
 23.4632       3      20
 23.7327       3      20
 20.7447       3      20
 23.1077       3      20
 21.8230       3      20
 22.8861       3      20
 24.6016       3      20
 21.4746       3      20
 21.2866       3      20
 19.7790       3      20
 22.9663       3      20
 26.0968       3      21
 23.4787       3      21
 26.2615       3      21
 22.4999       3      21
 24.3904       3      21
 21.6463       3      21
 26.2671       3      21
 23.6349       3      21
 26.0527       3      21
 26.4750       3      21
 26.1954       3      21
 22.1942       3      21
 24.8107       3      21
 26.5196       3      21
 27.6452       3      21
 25.4787       3      21
 22.5182       3      21
 25.8922       3      21
 26.8271       3      21
 23.2300       3      21
 20.8933       3      21
 25.4568       3      21
 24.5763       3      21
 25.7998       3      21
 24.8150       3      21
 27.2180       3      21
 24.4352       3      21
 25.9016       3      21
 24.8528       3      21
 23.4362       3      21
 20.7787       3      22
 19.5242       3      22
 19.4851       3      22
 20.2596       3      22
 21.8160       3      22
 18.9708       3      22
 20.1607       3      22
 22.3332       3      22
 20.9028       3      22
 21.5534       3      22
 18.9139       3      22
 18.0383       3      22
 23.1937       3      22
 20.7755       3      22
 20.9598       3      22
 20.0623       3      22
 20.8732       3      22
 21.6156       3      22
 17.8904       3      22
 20.1886       3      22
 19.9652       3      22
 20.0689       3      22
 22.5873       3      22
 20.7206       3      22
 21.2019       3      22
 19.9663       3      22
 19.6280       3      22
 21.1884       3      22
 21.0569       3      22
 19.4207       3      22
 19.8914       3      23
 18.4513       3      23
 20.4217       3      23
 21.7214       3      23
 20.8490       3      23
 21.1460       3      23
 20.1753       3      23
 19.7810       3      23
 21.4600       3      23
 19.2947       3      23
 23.0408       3      23
 18.9194       3      23
 18.9256       3      23
 21.0495       3      23
 22.9552       3      23
 20.7955       3      23
 20.5667       3      23
 19.7231       3      23
 19.6365       3      23
 22.4965       3      23
 21.5200       3      23
 20.6631       3      23
 22.5597       3      23
 19.6650       3      23
 20.8813       3      23
 20.5014       3      23
 20.1695       3      23
 20.7210       3      23
 23.4299       3      23
 20.7885       3      23
 20.5446       3      24
 21.0952       3      24
 20.5809       3      24
 22.3349       3      24
 21.3827       3      24
 22.2698       3      24
 20.8693       3      24
 17.7892       3      24
 23.7884       3      24
 21.8169       3      24
 22.1617       3      24
 20.4718       3      24
 20.0858       3      24
 17.6865       3      24
 21.5560       3      24
 20.7858       3      24
 20.3256       3      24
 22.9135       3      24
 20.8229       3      24
 20.3852       3      24
 21.5505       3      24
 20.9430       3      24
 21.5775       3      24
 19.7789       3      24
 19.8760       3      24
 21.4314       3      24
 20.6829       3      24
 20.4793       3      24
 20.9030       3      24
 19.5105       3      24
 23.7355       4      25
 23.6472       4      25
 19.4710       4      25
 21.4950       4      25
 20.8460       4      25
 20.9003       4      25
 23.1148       4      25
 22.1754       4      25
 22.8624       4      25
 22.7914       4      25
 22.2806       4      25
 24.7734       4      25
 22.3924       4      25
 19.9869       4      25
 21.8294       4      25
 21.7072       4      25
 20.0249       4      25
 22.4257       4      25
 19.5129       4      25
 22.6689       4      25
 22.4542       4      25
 19.8177       4      25
 21.8670       4      25
 21.5379       4      25
 22.5430       4      25
 22.5539       4      25
 22.6341       4      25
 22.0419       4      25
 19.2984       4      25
 23.3107       4      25
 18.7214       4      26
 16.9864       4      26
 19.3695       4      26
 20.5031       4      26
 24.3376       4      26
 20.6164       4      26
 19.0829       4      26
 22.5963       4      26
 20.0571       4      26
 21.9286       4      26
 23.5041       4      26
 21.1742       4      26
 20.3264       4      26
 19.8896       4      26
 21.4396       4      26
 20.5012       4      26
 20.6755       4      26
 20.6922       4      26
 18.7675       4      26
 22.4388       4      26
 19.1813       4      26
 18.8784       4      26
 20.3839       4      26
 20.8233       4      26
 23.1335       4      26
 20.4859       4      26
 20.3273       4      26
 21.2417       4      26
 20.2357       4      26
 24.5007       4      26
 20.4455       4      27
 19.5854       4      27
 19.5731       4      27
 20.6861       4      27
 21.2340       4      27
 22.9172       4      27
 17.7562       4      27
 19.6479       4      27
 22.0118       4      27
 19.8221       4      27
 20.6216       4      27
 18.3094       4      27
 18.1078       4      27
 21.2490       4      27
 17.9494       4      27
 21.3409       4      27
 18.6146       4      27
 17.7248       4      27
 20.5739       4      27
 19.8136       4      27
 19.2163       4      27
 18.1618       4      27
 18.4649       4      27
 20.6387       4      27
 17.8007       4      27
 19.1166       4      27
 19.4038       4      27
 21.0106       4      27
 21.4554       4      27
 18.6469       4      27
 17.8221       4      28
 19.1459       4      28
 18.3153       4      28
 20.6391       4      28
 19.3422       4      28
 20.3335       4      28
 17.1925       4      28
 17.9727       4      28
 18.7954       4      28
 18.7892       4      28
 21.7014       4      28
 18.8107       4      28
 19.4444       4      28
 18.8568       4      28
 19.7295       4      28
 20.4652       4      28
 17.1564       4      28
 16.9097       4      28
 18.8400       4      28
 21.4508       4      28
 19.3808       4      28
 20.2941       4      28
 19.3964       4      28
 19.9753       4      28
 20.8884       4      28
 19.9202       4      28
 20.6837       4      28
 18.8012       4      28
 18.8251       4      28
 19.1223       4      28
 20.0188       4      29
 21.4963       4      29
 20.7280       4      29
 18.7803       4      29
 18.8310       4      29
 18.7526       4      29
 18.5362       4      29
 18.5277       4      29
 18.4626       4      29
 21.6891       4      29
 19.5944       4      29
 19.7512       4      29
 17.6999       4      29
 18.9010       4      29
 19.0217       4      29
 22.4677       4      29
 22.2710       4      29
 21.1503       4      29
 22.3994       4      29
 19.8115       4      29
 23.0342       4      29
 19.5188       4      29
 18.8304       4      29
 18.2312       4      29
 19.9206       4      29
 20.8446       4      29
 18.8484       4      29
 18.9929       4      29
 19.3902       4      29
 18.3980       4      29
 19.5949       4      30
 19.6131       4      30
 21.1096       4      30
 20.9385       4      30
 20.6948       4      30
 19.4082       4      30
 20.0565       4      30
 19.1994       4      30
 21.5616       4      30
 20.6935       4      30
 19.8145       4      30
 20.2165       4      30
 21.0681       4      30
 21.6601       4      30
 21.1659       4      30
 16.6647       4      30
 21.7476       4      30
 20.8818       4      30
 19.7508       4      30
 21.7974       4      30
 20.5062       4      30
 21.3617       4      30
 22.6557       4      30
 19.5564       4      30
 20.7803       4      30
 18.2164       4      30
 21.6851       4      30
 18.7224       4      30
 20.7163       4      30
 21.3620       4      30
 22.1172       4      31
 20.4102       4      31
 21.9458       4      31
 20.0361       4      31
 21.9405       4      31
 21.7258       4      31
 22.0457       4      31
 21.7845       4      31
 19.1044       4      31
 21.5374       4      31
 21.9124       4      31
 20.1845       4      31
 21.8737       4      31
 20.3264       4      31
 19.5908       4      31
 23.2321       4      31
 21.9526       4      31
 19.9804       4      31
 19.8315       4      31
 18.4334       4      31
 19.2043       4      31
 18.7663       4      31
 22.5179       4      31
 22.0365       4      31
 19.3746       4      31
 21.5025       4      31
 20.4939       4      31
 21.7436       4      31
 20.7186       4      31
 21.8766       4      31
 20.3063       4      32
 21.1425       4      32
 21.4561       4      32
 22.1769       4      32
 21.3267       4      32
 20.1094       4      32
 18.6725       4      32
 22.5144       4      32
 20.8753       4      32
 19.1000       4      32
 20.1077       4      32
 22.8118       4      32
 17.4160       4      32
 19.4016       4      32
 21.4192       4      32
 21.5700       4      32
 23.0098       4      32
 20.5725       4      32
 21.0912       4      32
 20.9730       4      32
 22.0922       4      32
 20.6630       4      32
 21.6475       4      32
 20.0744       4      32
 20.5297       4      32
 20.5956       4      32
 20.8872       4      32
 18.8950       4      32
 22.0167       4      32
 21.7457       4      32
 21.3313       4      33
 19.5127       4      33
 20.2282       4      33
 20.3599       4      33
 19.9564       4      33
 20.2418       4      33
 20.5864       4      33
 19.2335       4      33
 18.8684       4      33
 19.5031       4      33
 20.0884       4      33
 18.4748       4      33
 20.3553       4      33
 17.7407       4      33
 20.2241       4      33
 17.8685       4      33
 20.4981       4      33
 18.9072       4      33
 20.7727       4      33
 18.4458       4      33
 19.6577       4      33
 20.0620       4      33
 19.8009       4      33
 21.6317       4      33
 21.2002       4      33
 20.0330       4      33
 22.3880       4      33
 18.4608       4      33
 18.7308       4      33
 20.6376       4      33
 20.9577       4      34
 22.5548       4      34
 20.2320       4      34
 21.7802       4      34
 20.3592       4      34
 21.0857       4      34
 22.1083       4      34
 20.5293       4      34
 19.3675       4      34
 20.1628       4      34
 20.9787       4      34
 21.5845       4      34
 21.0115       4      34
 20.5450       4      34
 18.4184       4      34
 18.5180       4      34
 19.3446       4      34
 19.6208       4      34
 22.9603       4      34
 21.4743       4      34
 20.0685       4      34
 21.7669       4      34
 21.1044       4      34
 21.4892       4      34
 19.4776       4      34
 22.5409       4      34
 21.9316       4      34
 20.6758       4      34
 20.6409       4      34
 23.1106       4      34
 17.9840       4      35
 21.0444       4      35
 19.0601       4      35
 18.2171       4      35
 19.3069       4      35
 19.6761       4      35
 17.1961       4      35
 19.2334       4      35
 17.5824       4      35
 19.8660       4      35
 22.9353       4      35
 18.5698       4      35
 19.9724       4      35
 20.4150       4      35
 20.0577       4      35
 21.0407       4      35
 16.6870       4      35
 19.4731       4      35
 21.8391       4      35
 19.1680       4      35
 21.5912       4      35
 18.9285       4      35
 19.4355       4      35
 19.6090       4      35
 18.4459       4      35
 18.1860       4      35
 20.9317       4      35
 20.1409       4      35
 18.2609       4      35
 20.1455       4      35
 17.1421       4      36
 19.3593       4      36
 18.6858       4      36
 18.9776       4      36
 18.3786       4      36
 18.6818       4      36
 18.6219       4      36
 18.4832       4      36
 18.8599       4      36
 18.8954       4      36
 22.8580       4      36
 17.8201       4      36
 18.3637       4      36
 20.3177       4      36
 17.6693       4      36
 17.7253       4      36
 18.7936       4      36
 19.7332       4      36
 19.9244       4      36
 19.4637       4      36
 18.8910       4      36
 19.2605       4      36
 17.3772       4      36
 17.8049       4      36
 20.9347       4      36
 19.8763       4      36
 21.2447       4      36
 18.9853       4      36
 19.2685       4      36
 18.2021       4      36
 22.0806       4      37
 25.2735       4      37
 21.3266       4      37
 21.7520       4      37
 19.4406       4      37
 22.0706       4      37
 23.1522       4      37
 24.0569       4      37
 23.6024       4      37
 20.8428       4      37
 21.3387       4      37
 23.1832       4      37
 25.2310       4      37
 18.9731       4      37
 22.3947       4      37
 19.2101       4      37
 21.6155       4      37
 20.6949       4      37
 20.6010       4      37
 24.4029       4      37
 23.0157       4      37
 22.2886       4      37
 21.4613       4      37
 22.6927       4      37
 23.6932       4      37
 24.7292       4      37
 17.6302       4      37
 21.9890       4      37
 23.6282       4      37
 21.2287       4      37
 18.2657       4      38
 21.3603       4      38
 17.5671       4      38
 18.1547       4      38
 16.7550       4      38
 17.9861       4      38
 17.0517       4      38
 19.3999       4      38
 16.2396       4      38
 19.1364       4      38
 19.5187       4      38
 20.8352       4      38
 16.9336       4      38
 19.8351       4      38
 19.3687       4      38
 14.9076       4      38
 17.5947       4      38
 14.9830       4      38
 16.7730       4      38
 18.5957       4      38
 17.0720       4      38
 20.6679       4      38
 16.1002       4      38
 17.1802       4      38
 19.1041       4      38
 18.9887       4      38
 18.3215       4      38
 17.6137       4      38
 19.1034       4      38
 18.1863       4      38
 23.1643       4      39
 22.7030       4      39
 23.1291       4      39
 22.3667       4      39
 23.2558       4      39
 26.0188       4      39
 23.8985       4      39
 23.6754       4      39
 22.8777       4      39
 22.7719       4      39
 23.9252       4      39
 24.4009       4      39
 23.1617       4      39
 23.1930       4      39
 23.5813       4      39
 23.1404       4      39
 21.3890       4      39
 21.4350       4      39
 21.5103       4      39
 22.3035       4      39
 22.4132       4      39
 23.5699       4      39
 24.0172       4      39
 22.9326       4      39
 23.7745       4      39
 22.0897       4      39
 21.3733       4      39
 22.9763       4      39
 21.2798       4      39
 23.0719       4      39
 22.6897       4      40
 23.3855       4      40
 21.8223       4      40
 24.8348       4      40
 22.2407       4      40
 23.9246       4      40
 22.9077       4      40
 23.1619       4      40
 22.3364       4      40
 19.9356       4      40
 22.0076       4      40
 23.0605       4      40
 23.0070       4      40
 23.3844       4      40
 23.9587       4      40
 20.7532       4      40
 22.3568       4      40
 22.3225       4      40
 23.2423       4      40
 23.0659       4      40
 22.8558       4      40
 23.7626       4      40
 25.1481       4      40
 22.8980       4      40
 22.0356       4      40
 24.5415       4      40
 23.4747       4      40
 23.2860       4      40
 23.2360       4      40
 24.3633       4      40
 22.5193       4      41
 21.9128       4      41
 20.3989       4      41
 21.0445       4      41
 22.1648       4      41
 20.9448       4      41
 24.1747       4      41
 19.2517       4      41
 24.3193       4      41
 20.7435       4      41
 21.6821       4      41
 23.7396       4      41
 20.5415       4      41
 19.2065       4      41
 26.2648       4      41
 24.8605       4      41
 23.1160       4      41
 22.7822       4      41
 20.6638       4      41
 19.9331       4      41
 23.7857       4      41
 19.8896       4      41
 21.1190       4      41
 21.5637       4      41
 19.9148       4      41
 19.8554       4      41
 21.0052       4      41
 20.3168       4      41
 22.2559       4      41
 22.8297       4      41
 20.5009       4      42
 23.3054       4      42
 22.9978       4      42
 18.6296       4      42
 19.3454       4      42
 22.7893       4      42
 22.7065       4      42
 18.2551       4      42
 23.5460       4      42
 21.0459       4      42
 21.0221       4      42
 20.7720       4      42
 19.8403       4      42
 20.6440       4      42
 21.2994       4      42
 20.8776       4      42
 22.5325       4      42
 21.3389       4      42
 20.7188       4      42
 19.9128       4      42
 18.3659       4      42
 20.1556       4      42
 22.4503       4      42
 20.3774       4      42
 20.7118       4      42
 22.9819       4      42
 21.5447       4      42
 23.4329       4      42
 20.0558       4      42
 20.8437       4      42
 22.3418       4      43
 22.5972       4      43
 21.5290       4      43
 20.8522       4      43
 21.6410       4      43
 21.8162       4      43
 20.5791       4      43
 21.1335       4      43
 22.7564       4      43
 19.7145       4      43
 19.8814       4      43
 22.2324       4      43
 20.5613       4      43
 23.9982       4      43
 22.6277       4      43
 21.4959       4      43
 21.9581       4      43
 20.8362       4      43
 21.0914       4      43
 18.9896       4      43
 20.3496       4      43
 22.1453       4      43
 20.9909       4      43
 22.5998       4      43
 20.6027       4      43
 21.8789       4      43
 19.8427       4      43
 20.9289       4      43
 20.2601       4      43
 21.9680       4      43
 19.0453       5      44
 20.8505       5      44
 17.5983       5      44
 16.6109       5      44
 19.8166       5      44
 23.2447       5      44
 17.6000       5      44
 19.1255       5      44
 19.6449       5      44
 15.7674       5      44
 25.0570       5      44
 19.9228       5      44
 18.7103       5      44
 18.8304       5      44
 19.7093       5      44
 21.7655       5      44
 22.0860       5      44
 20.7570       5      44
 20.1982       5      44
 19.0331       5      44
 19.5161       5      44
 17.4303       5      44
 21.7866       5      44
 22.1359       5      44
 22.3799       5      44
 18.2166       5      44
 22.1160       5      44
 16.4738       5      44
 18.2391       5      44
 18.5323       5      44
 19.5514       5      45
 19.3971       5      45
 19.8819       5      45
 19.6280       5      45
 17.9158       5      45
 20.4754       5      45
 17.7546       5      45
 22.4866       5      45
 20.3216       5      45
 21.1340       5      45
 21.9467       5      45
 20.1445       5      45
 22.4425       5      45
 20.0585       5      45
 22.9423       5      45
 20.1957       5      45
 20.2432       5      45
 21.4906       5      45
 17.2815       5      45
 16.3567       5      45
 17.4491       5      45
 20.3208       5      45
 19.3268       5      45
 21.4183       5      45
 21.8148       5      45
 19.6049       5      45
 18.8247       5      45
 18.3549       5      45
 20.5276       5      45
 18.6094       5      45
 18.1503       5      46
 19.6890       5      46
 18.2939       5      46
 19.3772       5      46
 18.2489       5      46
 20.1080       5      46
 18.4662       5      46
 21.6023       5      46
 18.2973       5      46
 20.0607       5      46
 18.6236       5      46
 19.8686       5      46
 18.0216       5      46
 18.6717       5      46
 18.1547       5      46
 20.3064       5      46
 19.8589       5      46
 20.8439       5      46
 20.7398       5      46
 19.7973       5      46
 18.9833       5      46
 19.0134       5      46
 21.7840       5      46
 19.1632       5      46
 18.4858       5      46
 18.5393       5      46
 19.1026       5      46
 19.8760       5      46
 19.5459       5      46
 21.8263       5      46
 20.2607       5      47
 20.8756       5      47
 19.6548       5      47
 19.3753       5      47
 20.4598       5      47
 17.8364       5      47
 22.1956       5      47
 20.7852       5      47
 18.4773       5      47
 20.0544       5      47
 23.4260       5      47
 20.4279       5      47
 18.6443       5      47
 19.5370       5      47
 19.9377       5      47
 19.2107       5      47
 20.4001       5      47
 19.0884       5      47
 18.2060       5      47
 18.4720       5      47
 20.7078       5      47
 22.9941       5      47
 19.6730       5      47
 17.9692       5      47
 19.1827       5      47
 20.0858       5      47
 21.6038       5      47
 20.2888       5      47
 21.2239       5      47
 20.1457       5      47
 22.9880       5      48
 22.4699       5      48
 18.6309       5      48
 22.0922       5      48
 19.7602       5      48
 23.0122       5      48
 19.5997       5      48
 20.8677       5      48
 18.9715       5      48
 21.4104       5      48
 21.3169       5      48
 20.0543       5      48
 20.2401       5      48
 24.8342       5      48
 22.4204       5      48
 20.6946       5      48
 17.8510       5      48
 19.6346       5      48
 20.5578       5      48
 21.0074       5      48
 21.0526       5      48
 19.3452       5      48
 20.7015       5      48
 20.2803       5      48
 20.6205       5      48
 20.4706       5      48
 22.1446       5      48
 18.9931       5      48
 19.5949       5      48
 19.0830       5      48
 18.2117       5      49
 23.7818       5      49
 20.8550       5      49
 22.5102       5      49
 22.4435       5      49
 20.8716       5      49
 20.0147       5      49
 20.2538       5      49
 19.6809       5      49
 20.6680       5      49
 21.8397       5      49
 22.9035       5      49
 20.0894       5      49
 21.7081       5      49
 22.5175       5      49
 23.1347       5      49
 20.7687       5      49
 25.1187       5      49
 23.5397       5      49
 20.9852       5      49
 23.1326       5      49
 20.0816       5      49
 20.2060       5      49
 23.2177       5      49
 21.2670       5      49
 19.6089       5      49
 22.1904       5      49
 23.1662       5      49
 21.8757       5      49
 22.2575       5      49
 22.7729       5      50
 23.2093       5      50
 23.7691       5      50
 23.0772       5      50
 21.2167       5      50
 23.5761       5      50
 24.9219       5      50
 22.4652       5      50
 22.3588       5      50
 21.8285       5      50
 22.6231       5      50
 24.1496       5      50
 22.4939       5      50
 21.9878       5      50
 24.0568       5      50
 22.8801       5      50
 23.2225       5      50
 25.2511       5      50
 22.4805       5      50
 23.8780       5      50
 24.2828       5      50
 24.3569       5      50
 22.5158       5      50
 24.5923       5      50
 25.6635       5      50
 23.3937       5      50
 23.0464       5      50
 23.7938       5      50
 21.9392       5      50
 21.6964       5      50
 16.7223       5      51
 16.1846       5      51
 14.0760       5      51
 16.6392       5      51
 14.6789       5      51
 15.4864       5      51
 17.2757       5      51
 14.5464       5      51
 15.4158       5      51
 14.2302       5      51
 15.1182       5      51
 15.9850       5      51
 16.7534       5      51
 16.2457       5      51
 16.5498       5      51
 18.0657       5      51
 13.8254       5      51
 16.6126       5      51
 18.0142       5      51
 15.9104       5      51
 16.5483       5      51
 15.7690       5      51
 15.6511       5      51
 15.5086       5      51
 17.0463       5      51
 18.4252       5      51
 16.9843       5      51
 16.2302       5      51
 16.4890       5      51
 16.0120       5      51
 19.0382       5      52
 23.7685       5      52
 22.7494       5      52
 19.9525       5      52
 21.9023       5      52
 16.4926       5      52
 20.0842       5      52
 19.3936       5      52
 19.6282       5      52
 19.6091       5      52
 18.3563       5      52
 20.4955       5      52
 20.7195       5      52
 19.8656       5      52
 18.1309       5      52
 19.3452       5      52
 17.6592       5      52
 20.2736       5      52
 22.3009       5      52
 18.5486       5      52
 22.2537       5      52
 19.2293       5      52
 18.0333       5      52
 18.6663       5      52
 21.1187       5      52
 15.7467       5      52
 21.7125       5      52
 22.1271       5      52
 21.6276       5      52
 18.4709       5      52
 20.3533       5      53
 19.2247       5      53
 18.8518       5      53
 19.5843       5      53
 20.0283       5      53
 18.7737       5      53
 18.3214       5      53
 18.7059       5      53
 19.7019       5      53
 17.9770       5      53
 19.2083       5      53
 19.5897       5      53
 19.3346       5      53
 19.1268       5      53
 18.6064       5      53
 19.7163       5      53
 18.4304       5      53
 20.3546       5      53
 20.7942       5      53
 20.0564       5      53
 21.1506       5      53
 21.2926       5      53
 18.4139       5      53
 18.9034       5      53
 18.3795       5      53
 18.7607       5      53
 18.0779       5      53
 20.8589       5      53
 19.8396       5      53
 19.8830       5      53
 21.0294       5      54
 20.3735       5      54
 19.7568       5      54
 21.0246       5      54
 21.0393       5      54
 21.7441       5      54
 21.7834       5      54
 18.7229       5      54
 21.9682       5      54
 21.8577       5      54
 20.6400       5      54
 22.7500       5      54
 21.8539       5      54
 22.6017       5      54
 20.5209       5      54
 21.4338       5      54
 21.3844       5      54
 19.6119       5      54
 20.0056       5      54
 21.1192       5      54
 23.3557       5      54
 22.6678       5      54
 20.2618       5      54
 20.8551       5      54
 18.4901       5      54
 20.8730       5      54
 19.2013       5      54
 19.9231       5      54
 20.0929       5      54
 21.8577       5      54
 22.7393       5      55
 22.4516       5      55
 20.1069       5      55
 23.4541       5      55
 23.9704       5      55
 20.2607       5      55
 23.6471       5      55
 20.1018       5      55
 22.2590       5      55
 21.2668       5      55
 25.2861       5      55
 22.3091       5      55
 23.2334       5      55
 25.1751       5      55
 22.5570       5      55
 22.7221       5      55
 23.2023       5      55
 24.4362       5      55
 21.2178       5      55
 23.3567       5      55
 24.1660       5      55
 23.1363       5      55
 23.2813       5      55
 20.4386       5      55
 22.8170       5      55
 21.2376       5      55
 18.8294       5      55
 23.2386       5      55
 21.2620       5      55
 23.7400       5      55
