       1       1       1      35
       1       1       2      43
       1       1       3      51
       1       1       4      69
       1       1       5      91
       1       1       6     103
       1       1       7     117
       1       1       8     138
       2       1       1      57
       2       1       2      79
       2       1       3     125
       2       1       4     156
       2       1       5     202
       2       1       6     236
       2       1       7     237
       2       1       8     275
       3       1       1      85
       3       1       2      90
       3       1       3      95
       3       1       4     101
       3       1       5     123
       3       1       6     137
       3       1       7     156
       3       1       8     179
       4       1       1     101
       4       1       2     118
       4       1       3     103
       4       1       4     128
       4       1       5     149
       4       1       6     169
       4       1       7     194
       4       1       8     200
       5       1       1     103
       5       1       2     117
       5       1       3     105
       5       1       4     131
       5       1       5     153
       5       1       6     172
       5       1       7     195
       5       1       8     200
       1       2       1      31
       1       2       2      40
       1       2       3      48
       1       2       4      56
       1       2       5      83
       1       2       6      91
       1       2       7     103
       1       2       8     119
       2       2       1      51
       2       2       2      67
       2       2       3      98
       2       2       4     142
       2       2       5     187
       2       2       6     214
       2       2       7     214
       2       2       8     251
       3       2       1      84
       3       2       2      93
       3       2       3      99
       3       2       4     109
       3       2       5     131
       3       2       6     142
       3       2       7     165
       3       2       8     183
       4       2       1     102
       4       2       2     112
       4       2       3     107
       4       2       4     126
       4       2       5     151
       4       2       6     177
       4       2       7     200
       4       2       8     203
       5       2       1     101
       5       2       2     112
       5       2       3     107
       5       2       4     129
       5       2       5     149
       5       2       6     175
       5       2       7     199
       5       2       8     202
