       1       1       1       1    9.56
       1       1       1       2    6.99
       1       1       2       1   10.81
       1       1       2       2    7.60
       1       2       1       1    6.68
       1       2       1       2    9.30
       1       2       2       1    8.36
       1       2       2       2    8.76
       1       3       1       1    6.16
       1       3       1       2    5.46
       1       3       2       1    6.24
       1       3       2       2    4.70
       2       1       1       1   11.44
       2       1       1       2   12.05
       2       1       2       1   12.34
       2       1       2       2   12.92
       2       2       1       1   10.46
       2       2       1       2   11.96
       2       2       2       1   10.15
       2       2       2       2    9.95
       2       3       1       1    9.22
       2       3       1       2    9.15
       2       3       2       1    9.77
       2       3       2       2    8.90
       3       1       1       1   25.47
       3       1       1       2   24.08
       3       1       2       1   26.48
       3       1       2       2   25.49
       3       2       1       1    9.87
       3       2       1       2   14.58
       3       2       2       1    7.91
       3       2       2       2   13.30
       3       3       1       1   17.96
       3       3       1       2   17.08
       3       3       2       1   16.82
       3       3       2       2   15.88
       4       1       1       1    7.22
       4       1       1       2    7.53
       4       1       2       1    8.19
       4       1       2       2    8.97
       4       2       1       1   10.93
       4       2       1       2   12.88
       4       2       2       1   11.66
       4       2       2       2   12.52
       4       3       1       1   12.61
       4       3       1       2   20.66
       4       3       2       1   14.57
       4       3       2       2   19.95
