1  0   1  1  223
1  0   1  2  155
1  0   1  3  160
1  0   1  4  193
1  0   1  5  173
1  1   1  1  183
1  1   1  2  133
1  1   1  3  190
1  1   1  4  153
1  1   1  5  173
1  0   2  1  228
1  0   2  2  333
1  0   2  3  310
1  0   2  4  233
1  0   2  5  143
1  1   2  1  173
1  1   2  2  173
1  1   2  3  115
1  1   2  4  198
1  1   2  5  150
1  0   3  1  103
1  0   3  2   90
1  0   3  3   58
1  0   3  4   65
1  0   3  5   50
1  1   3  1   80
1  1   3  2   75
1  1   3  3   68
1  1   3  4   70
1  1   3  5   58
1  0   4  1  123
1  0   4  2  143
1  0   4  3  170
1  0   4  4  100
1  0   4  5  148
1  1   4  1  115
1  1   4  2  125
1  1   4  3  120
1  1   4  4  125
1  1   4  5  148
1  0   5  1  115
1  0   5  2  158
1  0   5  3  110
1  0   5  4  108
1  0   5  5  138
1  1   5  1  145
1  1   5  2  113
1  1   5  3   98
1  1   5  4  138
1  1   5  5  140
1  0   6  1  160
1  0   6  2  128
1  0   6  3  140
1  0   6  4  135
1  0   6  5   88
1  1   6  1   73
1  1   6  2  123
1  1   6  3  100
1  1   6  4   75
1  1   6  5  115
1  0   7  1   90
1  0   7  2  170
1  0   7  3  125
1  0   7  4  193
1  0   7  5  213
1  1   7  1  123
1  1   7  2  138
1  1   7  3  100
1  1   7  4  253
1  1   7  5   93
1  0   8  1   60
1  0   8  2   50
1  0   8  3   40
1  0   8  4   50
1  0   8  5   50
1  1   8  1   38
1  1   8  2   55
1  1   8  3   35
1  1   8  4   38
1  1   8  5   53
2  0   9  1  138
2  0   9  2  113
2  0   9  3  178
2  0   9  4  143
2  0   9  5  150
2  1   9  1  255
2  1   9  2  110
2  1   9  3  195
2  1   9  4   93
2  1   9  5  213
2  0  10  1  173
2  0  10  2  148
2  0  10  3  165
2  0  10  4  175
2  0  10  5  108
2  1  10  1  118
2  1  10  2  200
2  1  10  3  145
2  1  10  4  155
2  1  10  5  108
2  0  11  1  170
2  0  11  2  165
2  0  11  3  215
2  0  11  4  268
2  0  11  5  190
2  1  11  1  133
2  1  11  2  155
2  1  11  3  145
2  1  11  4  240
2  1  11  5  230
2  0  12  1  120
2  0  12  2  130
2  0  12  3  120
2  0  12  4  150
2  0  12  5  140
2  1  12  1  150
2  1  12  2  130
2  1  12  3  110
2  1  12  4  185
2  1  12  5  105
2  0  13  1  100
2  0  13  2   70
2  0  13  3   95
2  0  13  4   90
2  0  13  5   95
2  1  13  1   65
2  1  13  2   60
2  1  13  3  105
2  1  13  4   90
2  1  13  5  100
2  0  14  1   80
2  0  14  2   60
2  0  14  3   85
2  0  14  4   80
2  0  14  5   75
2  1  14  1   95
2  1  14  2   65
2  1  14  3   45
2  1  14  4   65
2  1  14  5   60
2  0  15  1  100
2  0  15  2  100
2  0  15  3  115
2  0  15  4   80
2  0  15  5  105
2  1  15  1  145
2  1  15  2  175
2  1  15  3  125
2  1  15  4  145
2  1  15  5  180
2  0  16  1  110
2  0  16  2   80
2  0  16  3   65
2  0  16  4   85
2  0  16  5  100
2  1  16  1   60
2  1  16  2   55
2  1  16  3   60
2  1  16  4   45
2  1  16  5   65
