       1       1       1     395
       1       1       2     398
       1       1       3     382
       1       2       1     401
       1       2       2     396
       1       2       3     373
       1       3       1     394
       1       3       2     394
       1       3       3     387
       1       4       1     396
       1       4       2     406
       1       4       3     390
       2       1       1     402
       2       1       2     392
       2       1       3     396
       2       2       1     408
       2       2       2     386
       2       2       3     374
       2       3       1     373
       2       3       2     381
       2       3       3     387
       2       4       1     384
       2       4       2     396
       2       4       3     394
       3       1       1     392
       3       1       2     392
       3       1       3     372
       3       2       1     397
       3       2       2     383
       3       2       3     370
       3       3       1     383
       3       3       2     408
       3       3       3     387
       3       4       1     401
       3       4       2     370
       3       4       3     385
       4       1       1     415
       4       1       2     394
       4       1       3     393
       4       2       1     391
       4       2       2     378
       4       2       3     384
       4       3       1     393
       4       3       2     383
       4       3       3     400
       4       4       1     402
       4       4       2     385
       4       4       3     397



