       1       1       1      49
       1       1       2      46
       1       2       1      37
       1       2       2      34
       1       3       1      47
       1       3       2      52
       1       4       1      61
       1       4       2      60
       1       5       1      62
       1       5       2      59
       1       6       1      40
       1       6       2      43
       2       1       1      45
       2       1       2      47
       2       2       1      37
       2       2       2      36
       2       3       1      35
       2       3       2      43
       2       4       1      64
       2       4       2      60
       2       5       1      53
       2       5       2      57
       2       6       1      41
       2       6       2      44
       3       1       1      40
       3       1       2      46
       3       2       1      37
       3       2       2      36
       3       3       1      54
       3       3       2      58
       3       4       1      63
       3       4       2      61
       3       5       1      59
       3       5       2      54
       3       6       1      41
       3       6       2      43
