       1       1       1       1   15.72   12.16
       2       1       2       1   14.36   11.04
       3       1       3       1   13.13   10.34
       4       1       4       1   12.96    9.38
       5       1       5       1   11.89    8.96
       6       1       1       2    9.35    3.46
       7       1       2       2    8.68    3.46
       8       1       3       2    7.93    3.44
       9       1       4       2    7.41    3.37
      10       1       5       2    7.09    3.28
      11       1       1       3    4.86    2.66
      12       1       2       3    4.53     2.5
      13       1       3       3    4.28    2.48
      14       1       4       3    4.21    2.43
      15       1       5       3    4.15    2.38
      16       1       1       4    2.44    1.19
      17       1       2       4    2.37    1.16
      18       1       3       4    2.33    1.09
      19       1       4       4    2.26    1.07
      20       1       5       4    2.22    1.04
      21       1       1       5    1.95    1.04
      22       1       2       5    1.95    1.03
      23       1       3       5    1.94    1.07
      24       1       4       5    1.94       1
      25       1       5       5    1.93    0.97
      26       2       1       1   33.21    23.8
      27       2       2       1   30.27   22.78
      28       2       3       1   28.17   20.76
      29       2       4       1   25.92   20.15
      30       2       5       1   23.72   19.48
      31       2       1       2   23.04    7.99
      32       2       2       2   21.41    7.74
      33       2       3       2   19.45     7.6
      34       2       4       2   18.14    7.41
      35       2       5       2   16.44    7.09
      36       2       1       3    8.98    4.63
      37       2       2       3    8.88    4.47
      38       2       3       3    8.65    4.17
      39       2       4       3    8.36    4.09
      40       2       5       3    8.27    3.93
      41       2       1       4    6.15    2.66
      42       2       2       4    6.04    2.58
      43       2       3       4    5.59    2.48
      44       2       4       4    5.44    2.32
      45       2       5       4    5.39    2.26
      46       2       1       5    4.62    2.32
      47       2       2       5    4.46    2.28
      48       2       3       5    4.17    2.22
      49       2       4       5    3.91    2.16
      50       2       5       5    3.69    2.02
      51       3       1       1   39.53   28.96
      52       3       2       1   37.41    27.9
      53       3       3       1   34.99   27.36
      54       3       4       1   32.56   26.33
      55       3       5       1    31.5   25.29
      56       3       1       2   30.71   10.08
      57       3       2       2   28.91    9.58
      58       3       3       2   26.45    9.38
      59       3       4       2   25.09    8.92
      60       3       5       2   22.65    8.79
      61       3       1       3   12.19    6.66
      62       3       2       3   11.56    6.45
      63       3       3       3   11.27    6.08
      64       3       4       3   10.97    5.75
      65       3       5       3   10.37    5.63
      66       3       1       4    7.75    3.65
      67       3       2       4    7.51    3.52
      68       3       3       4    7.41    3.21
      69       3       4       4    7.06    3.05
      70       3       5       4    6.67    2.81
      71       3       1       5    5.44    3.01
      72       3       2       5    5.38    2.88
      73       3       3       5    5.28    2.74
      74       3       4       5    5.05     2.7
      75       3       5       5    4.76     2.5
      76       4       1       1   49.82   35.21
      77       4       2       1   45.04   34.35
      78       4       3       1   43.67   32.75
      79       4       4       1   41.66   31.81
      80       4       5       1   39.94   31.13
      81       4       1       2   33.49   12.63
      82       4       2       2   31.55   12.21
      83       4       3       2   29.99    11.9
      84       4       4       2   28.52   11.54
      85       4       5       2   26.27   10.91
      86       4       1       3   14.62    7.76
      87       4       2       3   13.44    7.55
      88       4       3       3   12.91    7.38
      89       4       4       3   11.95    7.07
      90       4       5       3   11.18    6.67
      91       4       1       4    8.46     4.4
      92       4       2       4    8.32    4.27
      93       4       3       4    8.25    4.08
      94       4       4       4    7.93    3.82
      95       4       5       4    7.81    3.54
      96       4       1       5    6.27    3.71
      97       4       2       5    6.29    3.67
      98       4       3       5    6.03    3.39
      99       4       4       5    5.64    3.09
     100       4       5       5    5.54    2.82
     101       5       1       1   57.87   36.14
     102       5       2       1   53.86   35.64
     103       5       3       1   51.29   35.27
     104       5       4       1   49.23   34.59
     105       5       5       1   47.64   34.33
     106       5       1       2   40.41   14.59
     107       5       2       2   37.73   14.19
     108       5       3       2    35.5   13.55
     109       5       4       2   32.98    13.2
     110       5       5       2    30.6   12.51
     111       5       1       3    16.8    8.69
     112       5       2       3   15.67    8.44
     113       5       3       3   15.27    8.08
     114       5       4       3    14.2    7.64
     115       5       5       3   13.35    7.09
     116       5       1       4    9.76    4.98
     117       5       2       4    9.43    4.87
     118       5       3       4    9.32    4.69
     119       5       4       4    9.15     4.4
     120       5       5       4    8.98     4.1
     121       5       1       5    7.57    4.17
     122       5       2       5    7.35    4.07
     123       5       3       5    7.01    3.91
     124       5       4       5    6.63    3.59
     125       5       5       5    6.18    3.27
