       1       1       1    0.13    0.74
       1       1       2    0.13    0.74
       1       2       1    0.17    0.85
       1       2       2    0.14    0.77
       1       3       1    0.31    1.18
       1       3       2    0.34    1.25
       1       4       1    0.06    0.49
       1       4       2    0.00    0.00
       1       5       1    0.13    0.74
       1       5       2    0.15    0.80
       2       1       1    0.28    1.12
       2       1       2    0.22    0.98
       2       2       1    0.21    0.95
       2       2       2    0.28    1.12
       2       3       1    0.44    1.45
       2       3       2    0.49    1.55
       2       4       1    0.27    1.09
       2       4       2    0.27    1.09
       2       5       1    0.13    0.74
       2       5       2    0.09    0.61
       3       1       1    0.46    1.49
       3       1       2    0.50    1.57
       3       2       1    0.41    1.39
       3       2       2    0.39    1.35
       3       3       1    0.44    1.45
       3       3       2    0.61    1.79
       3       4       1    0.41    1.39
       3       4       2    0.58    1.73
       3       5       1    0.46    1.49
       3       5       2    0.49    1.55
       4       1       1    0.50    1.57
       4       1       2    0.52    1.61
       4       2       1    0.38    1.33
       4       2       2    0.52    1.61
       4       3       1    0.50    1.57
       4       3       2    0.46    1.49
       4       4       1    0.34    1.25
       4       4       2    0.28    1.12
       4       5       1    0.64    1.85
       4       5       2    0.55    1.67
       5       1       1    0.60    1.77
       5       1       2    0.58    1.73
       5       2       1    0.62    1.81
       5       2       2    0.56    1.69
       5       3       1    0.63    1.83
       5       3       2    0.65    1.88
       5       4       1    0.63    1.83
       5       4       2    0.61    1.79
       5       5       1    0.56    1.69
       5       5       2    0.61    1.79
