       1       1      37       1       1       8  0.2095
       2       1      35       1       1       6  0.1862
       3       1      35       1       1       8  0.2155
       4       1      34       1       1      10  0.2450
       5       1      33       1       1      13  0.2845
       6       1      28       1       1       5  0.1901
       7       2      35       1       1       7  0.2014
       8       2      34       1       1      12  0.2689
       9       2      34       1       1       3  0.1332
      10       2      32       1       1      15  0.3112
       1       1      37       2       1       8  0.2095
       2       1      35       2       1       7  0.2014
       3       1      35       2       1       9  0.2288
       4       1      34       2       1       3  0.1332
       5       1      33       2       1      12  0.2731
       6       1      28       2       1       8  0.2414
       7       2      35       2       1      10  0.2414
       8       2      34       2       1       9  0.2322
       9       2      34       2       1       4  0.1540
      10       2      32       2       1      13  0.2891
       1       1      37       3       1       7  0.1958
       2       1      35       3       1       3  0.1313
       3       1      35       3       1       8  0.2155
       4       1      34       3       1      14  0.2911
       5       1      33       3       1       9  0.2357
       6       1      28       3       1       7  0.2255
       7       2      35       3       1      12  0.2650
       8       2      34       3       1      14  0.2911
       9       2      34       3       1       9  0.2322
      10       2      32       3       1      13  0.2891
       1       1      37       4       1       6  0.1811
       2       1      35       4       1       5  0.1698
       3       1      35       4       1       9  0.2288
       4       1      34       4       1       9  0.2322
       5       1      33       4       1      13  0.2845
       6       1      28       4       1       5  0.1901
       7       2      35       4       1       6  0.1862
       8       2      34       4       1      18  0.3314
       9       2      34       4       1       3  0.1332
      10       2      32       4       1      12  0.2774
       1       1      37       5       2       8  0.2095
       2       1      35       5       2       2  0.1071
       3       1      35       5       2       3  0.1313
       4       1      34       5       2       6  0.1890
       5       1      33       5       2      15  0.3063
       6       1      28       5       2       5  0.1901
       7       2      35       5       2       4  0.1518
       8       2      34       5       2      10  0.2450
       9       2      34       5       2       3  0.1332
      10       2      32       5       2      10  0.2527
       1       1      37       6       2       9  0.2224
       2       1      35       6       2      11  0.2534
       3       1      35       6       2       5  0.1698
       4       1      34       6       2      24  0.3852
       5       1      33       6       2      10  0.2487
       6       1      28       6       2       9  0.2563
       7       2      35       6       2      13  0.2760
       8       2      34       6       2      11  0.2572
       9       2      34       6       2       5  0.1724
      10       2      32       6       2       9  0.2395
       1       1      37       7       2       9  0.2224
       2       1      35       7       2      14  0.2868
       3       1      35       7       2      15  0.2971
       4       1      34       7       2       8  0.2187
       5       1      33       7       2      27  0.4165
       6       1      28       7       2      12  0.2971
       7       2      35       7       2       7  0.2014
       8       2      34       7       2       6  0.1890
       9       2      34       7       2       9  0.2322
      10       2      32       7       2      15  0.3112
       1       1      37       8       2      12  0.2575
       2       1      35       8       2       9  0.2288
       3       1      35       8       2      18  0.3265
       4       1      34       8       2      22  0.3680
       5       1      33       8       2      28  0.4246
       6       1      28       8       2      14  0.3218
       7       2      35       8       2       8  0.2155
       8       2      34       8       2      15  0.3016
       9       2      34       8       2       5  0.1724
      10       2      32       8       2      15  0.3112
       1       1      37       9       3      13  0.2683
       2       1      35       9       3      16  0.3072
       3       1      35       9       3      16  0.3072
       4       1      34       9       3      22  0.3680
       5       1      33       9       3      35  0.4786
       6       1      28       9       3      19  0.3773
       7       2      35       9       3       5  0.1698
       8       2      34       9       3      14  0.2911
       9       2      34       9       3       2  0.1087
      10       2      32       9       3      15  0.3112
       1       1      37      10       3      13  0.2683
       2       1      35      10       3      12  0.2650
       3       1      35      10       3      14  0.2868
       4       1      34      10       3      19  0.3409
       5       1      33      10       3      10  0.2487
       6       1      28      10       3      17  0.3559
       7       2      35      10       3      12  0.2650
       8       2      34      10       3      13  0.2802
       9       2      34      10       3       7  0.2043
      10       2      32      10       3      10  0.2527
       1       1      37      11       3      15  0.2887
       2       1      35      11       3      10  0.2414
       3       1      35      11       3      20  0.3449
       4       1      34      11       3      25  0.3936
       5       1      33      11       3      24  0.3913
       6       1      28      11       3      14  0.3218
       7       2      35      11       3       3  0.1313
       8       2      34      11       3       7  0.2043
       9       2      34      11       3       6  0.1890
      10       2      32      11       3      17  0.3320
       1       1      37      12       3      13  0.2683
       2       1      35      12       3      14  0.2868
       3       1      35      12       3      18  0.3265
       4       1      34      12       3      18  0.3314
       5       1      33      12       3      32  0.4560
       6       1      28      12       3      13  0.3096
       7       2      35      12       3       5  0.1698
       8       2      34      12       3      12  0.2689
       9       2      34      12       3       6  0.1890
      10       2      32      12       3      12  0.2774
       1       1      37      13       4      14  0.2787
       2       1      35      13       4      14  0.2868
       3       1      35      13       4      25  0.3876
       4       1      34      13       4      23  0.3767
       5       1      33      13       4      29  0.4326
       6       1      28      13       4      10  0.2705
       7       2      35      13       4       6  0.1862
       8       2      34      13       4       9  0.2322
       9       2      34      13       4       9  0.2322
      10       2      32      13       4      13  0.2891
       1       1      37      14       4      16  0.2985
       2       1      35      14       4      16  0.3072
       3       1      35      14       4      22  0.3624
       4       1      34      14       4      22  0.3680
       5       1      33      14       4      29  0.4326
       6       1      28      14       4      15  0.3335
       7       2      35      14       4      13  0.2760
       8       2      34      14       4       9  0.2322
       9       2      34      14       4       4  0.1540
      10       2      32      14       4      11  0.2653
       1       1      37      15       4      14  0.2787
       2       1      35      15       4      12  0.2650
       3       1      35      15       4      27  0.4037
       4       1      34      15       4      24  0.3852
       5       1      33      15       4      26  0.4082
       6       1      28      15       4      14  0.3218
       7       2      35      15       4       7  0.2014
       8       2      34      15       4      17  0.3218
       9       2      34      15       4       9  0.2322
      10       2      32      15       4      14  0.3003
       1       1      37      16       4      15  0.2887
       2       1      35      16       4      17  0.3170
       3       1      35      16       4      19  0.3358
       4       1      34      16       4      17  0.3218
       5       1      33      16       4      31  0.4483
       6       1      28      16       4      16  0.3449
       7       2      35      16       4       4  0.1518
       8       2      34      16       4       8  0.2187
       9       2      34      16       4       2  0.1087
      10       2      32      16       4      17  0.3320
       1       1      37      17       5      16  0.2985
       2       1      35      17       5      14  0.2868
       3       1      35      17       5      20  0.3449
       4       1      34      17       5      15  0.3016
       5       1      33      17       5      26  0.4082
       6       1      28      17       5       6  0.2085
       7       2      35      17       5       7  0.2014
       8       2      34      17       5       5  0.1724
       9       2      34      17       5       3  0.1332
      10       2      32      17       5      12  0.2774
       1       1      37      18       5      13  0.2683
       2       1      35      18       5      10  0.2414
       3       1      35      18       5      23  0.3710
       4       1      34      18       5      23  0.3767
       5       1      33      18       5      35  0.4786
       6       1      28      18       5      12  0.2971
       7       2      35      18       5      10  0.2414
       8       2      34      18       5      11  0.2572
       9       2      34      18       5       8  0.2187
      10       2      32      18       5       9  0.2395
       1       1      37      19       5      15  0.2887
       2       1      35      19       5      14  0.2868
       3       1      35      19       5      23  0.3710
       4       1      34      19       5      25  0.3936
       5       1      33      19       5      29  0.4326
       6       1      28      19       5      17  0.3559
       7       2      35      19       5       4  0.1518
       8       2      34      19       5       8  0.2187
       9       2      34      19       5       3  0.1332
      10       2      32      19       5      15  0.3112
       1       1      37      20       5      17  0.3080
       2       1      35      20       5      15  0.2971
       3       1      35      20       5      22  0.3624
       4       1      34      20       5      18  0.3314
       5       1      33      20       5      28  0.4246
       6       1      28      20       5      13  0.3096
       7       2      35      20       5       6  0.1862
       8       2      34      20       5      13  0.2802
       9       2      34      20       5       5  0.1724
      10       2      32      20       5      13  0.2891
