       1       1       1       1   11.70
       1       1       2       1   16.50
       1       1       3       1   14.13
       1       1       4       1   15.21
       1       1       5       1   14.11
       1       1       6       1    9.05
       1       1       7       1    9.58
       1       1       1       2   10.80
       1       1       2       2   15.63
       1       1       3       2   12.55
       1       1       4       2   12.10
       1       1       5       2    9.48
       1       1       6       2    7.49
       1       1       7       2    7.39
       1       1       1       3    8.67
       1       1       2       3   11.67
       1       1       3       3   11.28
       1       1       4       3   12.42
       1       1       5       3    9.87
       1       1       6       3    6.83
       1       1       7       3    6.69
       2       1       1       1   12.43
       2       1       2       1   15.78
       2       1       3       1   13.61
       2       1       4       1   13.62
       2       1       5       1   11.07
       2       1       6       1    9.39
       2       1       7       1    8.85
       2       1       1       2    9.97
       2       1       2       2   12.61
       2       1       3       2   11.22
       2       1       4       2   11.35
       2       1       5       2    7.88
       2       1       6       2    6.00
       2       1       7       2    7.24
       2       1       1       3    7.54
       2       1       2       3    9.50
       2       1       3       3    9.93
       2       1       4       3   11.07
       2       1       5       3    8.48
       2       1       6       3    6.67
       2       1       7       3    4.95
       3       1       1       1   11.02
       3       1       2       1   15.20
       3       1       3       1   14.80
       3       1       4       1   15.98
       3       1       5       1   12.48
       3       1       6       1    8.17
       3       1       7       1   10.59
       3       1       1       2    9.58
       3       1       2       2   11.94
       3       1       3       2   10.79
       3       1       4       2   12.85
       3       1       5       2    8.67
       3       1       6       2    5.58
       3       1       7       2    8.50
       3       1       1       3    7.24
       3       1       2       3    9.23
       3       1       3       3    9.98
       3       1       4       3   11.56
       3       1       5       3    9.50
       3       1       6       3    7.39
       3       1       7       3    5.93
       4       2       1       1   11.95
       4       2       2       1    7.64
       4       2       3       1   11.87
       4       2       4       1   12.04
       4       2       5       1   14.42
       4       2       6       1   11.73
       4       2       7       1    9.88
       4       2       1       2    8.52
       4       2       2       2   12.00
       4       2       3       2   10.43
       4       2       4       2   11.63
       4       2       5       2   10.73
       4       2       6       2    8.65
       4       2       7       2    8.34
       4       2       1       3   10.30
       4       2       2       3   11.77
       4       2       3       3   12.93
       4       2       4       3   14.06
       4       2       5       3   12.82
       4       2       6       3    9.65
       4       2       7       3   10.24
       5       2       1       1    9.09
       5       2       2       1    6.74
       5       2       3       1    8.13
       5       2       4       1   11.07
       5       2       5       1    9.07
       5       2       6       1    8.74
       5       2       7       1    7.10
       5       2       1       2    8.22
       5       2       2       2   11.34
       5       2       3       2    8.95
       5       2       4       2    9.75
       5       2       5       2    6.07
       5       2       6       2    5.44
       5       2       7       2    4.68
       5       2       1       3    7.60
       5       2       2       3   11.16
       5       2       3       3    8.64
       5       2       4       3   11.91
       5       2       5       3    7.45
       5       2       6       3    6.58
       5       2       7       3    6.98
       6       2       1       1    7.90
       6       2       2       1    5.88
       6       2       3       1    9.72
       6       2       4       1    8.75
       6       2       5       1   11.99
       6       2       6       1    8.82
       6       2       7       1    6.76
       6       2       1       2    6.74
       6       2       2       2   11.85
       6       2       3       2    9.68
       6       2       4       2    8.70
       6       2       5       2   10.19
       6       2       6       2    7.37
       6       2       7       2    5.80
       6       2       1       3   10.62
       6       2       2       3   11.55
       6       2       3       3   11.72
       6       2       4       3   10.15
       6       2       5       3   12.94
       6       2       6       3    7.53
       6       2       7       3    6.98
       7       2       1       1   25.03
       7       2       2       1   15.44
       7       2       3       1   18.23
       7       2       4       1   18.93
       7       2       5       1   12.63
       7       2       6       1   10.11
       7       2       7       1    8.98
       7       2       1       2   20.64
       7       2       2       2   19.38
       7       2       3       2   21.54
       7       2       4       2   17.65
       7       2       5       2    9.70
       7       2       6       2    8.32
       7       2       7       2    8.74
       7       2       1       3   25.14
       7       2       2       3   24.16
       7       2       3       3   22.32
       7       2       4       3   18.52
       7       2       5       3    9.81
       7       2       6       3    9.94
       7       2       7       3   10.12
