       1       1       1     799
       1       2       1     769
       1       3       1     809
       1       1       2     744
       1       2       2     740
       1       3       2     780
       1       1       3     735
       1       2       3     732
       1       3       3     758
       1       1       4     710
       1       2       4     709
       1       3       4     760
       1       1       5     719
       1       2       5     750
       1       3       5     767
       1       1       6     761
       1       2       6     767
       1       3       6     781
       2       1       1     614
       2       2       1     608
       2       3       1     607
       2       1       2     566
       2       2       2     563
       2       3       2     578
       2       1       3     576
       2       2       3     574
       2       3       3     602
       2       1       4     587
       2       2       4     590
       2       3       4     603
       2       1       5     588
       2       2       5     599
       2       3       5     609
       2       1       6     563
       2       2       6     575
       2       3       6     586
       3       1       1     492
       3       2       1     493
       3       3       1     502
       3       1       2     496
       3       2       2     491
       3       3       2     510
       3       1       3     496
       3       2       3     497
       3       3       3     507
       3       1       4     491
       3       2       4     493
       3       3       4     505
       3       1       5     491
       3       2       5     497
       3       3       5     510
       3       1       6     488
       3       2       6     497
       3       3       6     509
