Oct         1924       1       1       1    9.89
Oct         1924       2       1       1   10.11
Oct         1924       3       1       1   10.22
Oct         1924       4       1       1   10.60
Nov         1924       1       2       1    8.39
Nov         1924       2       2       1    8.49
Nov         1924       3       2       1    8.84
Nov         1924       4       2       1    8.36
Dec         1924       1       3       1    8.16
Dec         1924       2       3       1    8.09
Dec         1924       3       3       1    8.40
Dec         1924       4       3       1    8.51
Jan         1925       1       4       1    9.58
Jan         1925       2       4       1    9.50
Jan         1925       3       4       1    9.33
Jan         1925       4       4       1    9.62
Feb         1925       1       5       1    9.94
Feb         1925       2       5       1    9.64
Feb         1925       3       5       1    9.74
Feb         1925       4       5       1    9.78
Mar         1925       1       6       1   12.81
Mar         1925       2       6       1   12.38
Mar         1925       3       6       1   11.51
Mar         1925       4       6       1   12.40
Apr         1925       1       7       1   12.29
Apr         1925       2       7       1   12.38
Apr         1925       3       7       1   11.93
Apr         1925       4       7       1   12.47
May         1925       1       8       1   11.28
May         1925       2       8       1   10.90
May         1925       3       8       1   11.33
May         1925       4       8       1   11.54
Jun         1925       1       9       1   11.18
Jun         1925       2       9       1   11.18
Jun         1925       3       9       1   10.99
Jun         1925       4       9       1   11.32
Jul         1925       1      10       1   12.56
Jul         1925       2      10       1   12.62
Jul         1925       3      10       1   12.35
Jul         1925       4      10       1   12.64
Aug         1925       1      11       1   12.26
Aug         1925       2      11       1   12.40
Aug         1925       3      11       1   12.37
Aug         1925       4      11       1   12.63
Sep         1925       1      12       1   11.17
Sep         1925       2      12       1   11.55
Sep         1925       3      12       1   11.53
Sep         1925       4      12       1   11.89
Oct         1925       1       1       2   10.54
Oct         1925       2       1       2   11.12
Oct         1925       3       1       2   10.91
Oct         1925       4       1       2   11.29
Nov         1925       1       2       2   10.12
Nov         1925       2       2       2   10.41
Nov         1925       3       2       2   10.42
Nov         1925       4       2       2   10.56
Dec         1925       1       3       2   10.08
Dec         1925       2       3       2   10.23
Dec         1925       3       3       2   10.14
Dec         1925       4       3       2   10.32
Jan         1926       1       4       2   10.78
Jan         1926       2       4       2   10.92
Jan         1926       3       4       2   10.96
Jan         1926       4       4       2   10.89
Feb         1926       1       5       2   11.78
Feb         1926       2       5       2   11.82
Feb         1926       3       5       2   11.78
Feb         1926       4       5       2   12.22
Mar         1926       1       6       2   11.54
Mar         1926       2       6       2   11.78
Mar         1926       3       6       2   11.73
Mar         1926       4       6       2   12.12
Apr         1926       1       7       2   11.37
Apr         1926       2       7       2   11.59
Apr         1926       3       7       2   11.44
Apr         1926       4       7       2   11.36
May         1926       1       8       2   11.81
May         1926       2       8       2   12.06
May         1926       3       8       2   12.09
May         1926       4       8       2   12.26
Jun         1926       1       9       2   13.03
Jun         1926       2       9       2   13.00
Jun         1926       3       9       2   13.08
Jun         1926       4       9       2   13.14
Jul         1926       1      10       2   12.12
Jul         1926       2      10       2   12.74
Jul         1926       3      10       2   12.77
Jul         1926       4      10       2   13.24
Aug         1926       1      11       2   11.12
Aug         1926       2      11       2   10.92
Aug         1926       3      11       2   11.20
Aug         1926       4      11       2   11.89
Sep         1926       1      12       2   11.42
Sep         1926       2      12       2   11.71
Sep         1926       3      12       2   11.90
Sep         1926       4      12       2   12.24
Oct         1926       1       1       3   11.53
Oct         1926       2       1       3   12.05
Oct         1926       3       1       3   11.60
Oct         1926       4       1       3   12.30
Nov         1926       1       2       3   11.20
Nov         1926       2       2       3   11.17
Nov         1926       3       2       3   10.90
Nov         1926       4       2       3   11.50
Dec         1926       1       3       3   10.68
Dec         1926       2       3       3   10.91
Dec         1926       3       3       3   10.68
Dec         1926       4       3       3   10.90
Jan         1927       1       4       3   10.74
Jan         1927       2       4       3   11.14
Jan         1927       3       4       3   10.89
Jan         1927       4       4       3   11.15
Feb         1927       1       5       3   11.23
Feb         1927       2       5       3   11.34
Feb         1927       3       5       3   11.14
Feb         1927       4       5       3   11.39
Mar         1927       1       6       3   10.78
Mar         1927       2       6       3   10.97
Mar         1927       3       6       3   10.89
Mar         1927       4       6       3   11.10
Apr         1927       1       7       3   10.06
Apr         1927       2       7       3   10.38
Apr         1927       3       7       3   10.21
Apr         1927       4       7       3   10.42
May         1927       1       8       3    9.07
May         1927       2       8       3    9.15
May         1927       3       8       3    9.24
May         1927       4       8       3    9.35
Jun         1927       1       9       3    7.80
Jun         1927       2       9       3    8.04
Jun         1927       3       9       3    8.03
Jun         1927       4       9       3    8.08
Jul         1927       1      10       3    8.29
Jul         1927       2      10       3    8.12
Jul         1927       3      10       3    8.25
Jul         1927       4      10       3    8.41
Aug         1927       1      11       3    8.74
Aug         1927       2      11       3    8.74
Aug         1927       3      11       3    9.03
Aug         1927       4      11       3    9.24
Sep         1927       1      12       3    9.53
Sep         1927       2      12       3    9.31
Sep         1927       3      12       3    9.56
Sep         1927       4      12       3    9.97
Oct         1927       1       1       4   10.21
Oct         1927       2       1       4   10.01
Oct         1927       3       1       4   10.32
Oct         1927       4       1       4   10.29
Nov         1927       1       2       4    8.97
Nov         1927       2       2       4    8.71
Nov         1927       3       2       4    8.71
Nov         1927       4       2       4    8.85
Dec         1927       1       3       4    7.72
Dec         1927       2       3       4    7.83
Dec         1927       3       3       4    7.90
Dec         1927       4       3       4    7.89
Jan         1928       1       4       4    7.54
Jan         1928       2       4       4    7.66
Jan         1928       3       4       4    7.76
Jan         1928       4       4       4    7.75
Feb         1928       1       5       4    7.33
Feb         1928       2       5       4    7.48
Feb         1928       3       5       4    7.40
Feb         1928       4       5       4    7.56
Mar         1928       1       6       4    7.26
Mar         1928       2       6       4    7.42
Mar         1928       3       6       4    7.42
Mar         1928       4       6       4    7.53
Apr         1928       1       7       4    7.76
Apr         1928       2       7       4    7.86
Apr         1928       3       7       4    7.76
Apr         1928       4       7       4    7.82
May         1928       1       8       4    8.89
May         1928       2       8       4    9.02
May         1928       3       8       4    8.49
May         1928       4       8       4    9.18
Jun         1928       1       9       4    8.76
Jun         1928       2       9       4    8.81
Jun         1928       3       9       4    8.93
Jun         1928       4       9       4    8.86
Jul         1928       1      10       4    9.92
Jul         1928       2      10       4    9.67
Jul         1928       3      10       4    9.87
Jul         1928       4      10       4   10.13
Aug         1928       1      11       4   10.13
Aug         1928       2      11       4   10.10
Aug         1928       3      11       4   10.04
Aug         1928       4      11       4   10.45
Sep         1928       1      12       4   11.68
Sep         1928       2      12       4   11.50
Sep         1928       3      12       4   11.58
Sep         1928       4      12       4   11.79
Oct         1928       1       1       5    9.48
Oct         1928       2       1       5    9.46
Oct         1928       3       1       5    9.47
Oct         1928       4       1       5    9.56
Nov         1928       1       2       5    8.41
Nov         1928       2       2       5    8.13
Nov         1928       3       2       5    8.43
Nov         1928       4       2       5    8.44
Dec         1928       1       3       5    7.91
Dec         1928       2       3       5    7.85
Dec         1928       3       3       5    7.79
Dec         1928       4       3       5    7.96
Jan         1929       1       4       5    8.14
Jan         1929       2       4       5    8.28
Jan         1929       3       4       5    8.12
Jan         1929       4       4       5    8.24
Feb         1929       1       5       5    9.14
Feb         1929       2       5       5    9.03
Feb         1929       3       5       5    9.00
Feb         1929       4       5       5    9.10
Mar         1929       1       6       5   10.57
Mar         1929       2       6       5   10.61
Mar         1929       3       6       5   10.44
Mar         1929       4       6       5   10.49
Apr         1929       1       7       5   10.65
Apr         1929       2       7       5   10.53
Apr         1929       3       7       5   10.56
Apr         1929       4       7       5   10.67
May         1929       1       8       5   10.36
May         1929       2       8       5   10.20
May         1929       3       8       5   10.07
May         1929       4       8       5   10.14
Jun         1929       1       9       5    9.95
Jun         1929       2       9       5    9.86
Jun         1929       3       9       5    9.97
Jun         1929       4       9       5   10.03
Jul         1929       1      10       5   10.64
Jul         1929       2      10       5   10.47
Jul         1929       3      10       5   10.70
Jul         1929       4      10       5   10.54
Aug         1929       1      11       5   10.35
Aug         1929       2      11       5   10.34
Aug         1929       3      11       5   10.34
Aug         1929       4      11       5   10.56
Sep         1929       1      12       5    9.37
Sep         1929       2      12       5    9.46
Sep         1929       3      12       5    9.40
Sep         1929       4      12       5    9.51
Oct         1929       1       1       6    8.79
Oct         1929       2       1       6    8.98
Oct         1929       3       1       6    8.90
Oct         1929       4       1       6    9.15
Nov         1929       1       2       6    8.32
Nov         1929       2       2       6    8.30
Nov         1929       3       2       6    8.34
Nov         1929       4       2       6    8.53
Dec         1929       1       3       6    8.58
Dec         1929       2       3       6    8.50
Dec         1929       3       3       6    8.44
Dec         1929       4       3       6    8.54
Jan         1930       1       4       6    8.79
Jan         1930       2       4       6    8.69
Jan         1930       3       4       6    8.71
Jan         1930       4       4       6    9.02
Feb         1930       1       5       6    9.84
Feb         1930       2       5       6    9.59
Feb         1930       3       5       6    9.63
Feb         1930       4       5       6    9.82
Mar         1930       1       6       6    9.75
Mar         1930       2       6       6    9.81
Mar         1930       3       6       6    9.78
Mar         1930       4       6       6   10.10
Apr         1930       1       7       6    9.20
Apr         1930       2       7       6    9.22
Apr         1930       3       7       6    9.26
Apr         1930       4       7       6    9.42
May         1930       1       8       6    9.12
May         1930       2       8       6    9.10
May         1930       3       8       6    9.06
May         1930       4       8       6    9.26
Jun         1930       1       9       6    9.16
Jun         1930       2       9       6    9.17
Jun         1930       3       9       6    9.14
Jun         1930       4       9       6    9.33
Jul         1930       1      10       6    8.24
Jul         1930       2      10       6    8.11
Jul         1930       3      10       6    8.31
Jul         1930       4      10       6    8.60
Aug         1930       1      11       6    8.22
Aug         1930       2      11       6    8.52
Aug         1930       3      11       6    8.68
Aug         1930       4      11       6    8.75
Sep         1930       1      12       6    9.52
Sep         1930       2      12       6    9.52
Sep         1930       3      12       6    9.64
Sep         1930       4      12       6    9.73
Oct         1930       1       1       7    8.84
Oct         1930       2       1       7    8.83
Oct         1930       3       1       7    8.80
Oct         1930       4       1       7    8.86
Nov         1930       1       2       7    8.04
Nov         1930       2       2       7    8.23
Nov         1930       3       2       7    8.17
Nov         1930       4       2       7    8.45
Dec         1930       1       3       7    7.39
Dec         1930       2       3       7    7.31
Dec         1930       3       3       7    7.32
Dec         1930       4       3       7    7.34
Jan         1931       1       4       7    7.06
Jan         1931       2       4       7    7.10
Jan         1931       3       4       7    7.11
Jan         1931       4       4       7    7.17
Feb         1931       1       5       7    6.44
Feb         1931       2       5       7    6.62
Feb         1931       3       5       7    6.63
Feb         1931       4       5       7    6.65
Mar         1931       1       6       7    6.80
Mar         1931       2       6       7    6.87
Mar         1931       3       6       7    6.84
Mar         1931       4       6       7    6.88
Apr         1931       1       7       7    6.78
Apr         1931       2       7       7    6.86
Apr         1931       3       7       7    6.92
Apr         1931       4       7       7    6.92
May         1931       1       8       7    6.03
May         1931       2       8       7    6.10
May         1931       3       8       7    6.06
May         1931       4       8       7    6.30
Jun         1931       1       9       7    5.40
Jun         1931       2       9       7    5.39
Jun         1931       3       9       7    5.57
Jun         1931       4       9       7    5.60
Jul         1931       1      10       7    6.00
Jul         1931       2      10       7    5.85
Jul         1931       3      10       7    6.16
Jul         1931       4      10       7    6.24
Aug         1931       1      11       7    5.91
Aug         1931       2      11       7    5.66
Aug         1931       3      11       7    6.24
Aug         1931       4      11       7    6.36
Sep         1931       1      12       7    5.07
Sep         1931       2      12       7    5.20
Sep         1931       3      12       7    5.26
Sep         1931       4      12       7    5.38
