       1       1       8       1       0    28.4    32.5
       1       1       8       1       1      26    51.5
       1       1       4       1       0    28.2      33
       1       1       4       1       1      27    41.3
       0       1       8       1       0      28    50.5
       0       1       8       1       1    26.5      56
       0       1       4       1       0    27.1    48.5
       0       1       4       1       1    27.2      52
       1       0       8       1       0    27.5    36.5
       1       0       8       1       1    26.1      42
       1       0       4       1       0    27.8      37
       1       0       4       1       1    26.5      42
       0       0       8       1       0    28.6      34
       0       0       8       1       1    27.2    46.5
       0       0       4       1       0    27.7      32
       0       0       4       1       1      26      49
       1       1       8     0.5       0    29.3      41
       1       1       8     0.5       1    27.6      48
       1       1       4     0.5       0      29    41.5
       1       1       4     0.5       1    25.8    52.5
       1       0       8     0.5       0    27.9    42.5
       1       0       8     0.5       1    27.3    47.5
       1       0       4     0.5       0    28.7      31
       1       0       4     0.5       1    27.9      44
       0       1       8     0.5       0    28.4      47
       0       1       8     0.5       1    27.6    51.5
       0       1       4     0.5       0    28.7      50
       0       1       4     0.5       1    27.8    54.5
       0       0       8     0.5       0      29    43.5
       0       0       8     0.5       1      27      49
       0       0       4     0.5       0      29      41
       0       0       4     0.5       1    26.3      51
       1       1       8    0.25       0    31.7      46
       1       1       8    0.25       1    27.6      50
       1       0       8    0.25       0    29.1      42
       1       0       8    0.25       1    26.8    51.5
       0       1       8    0.25       0    30.6    50.5
       0       1       8    0.25       1    27.8    50.5
       0       0       8    0.25       0    30.4    40.5
       0       0       8    0.25       1    26.4    44.5
       1       1       4    0.25       0      31      43
       1       1       4    0.25       1    28.4      45
       1       0       4    0.25       0    29.7      42
       1       0       4    0.25       1    27.4      59
       0       1       4    0.25       0    32.6      46
       0       1       4    0.25       1    26.5      53
       0       0       4    0.25       0    31.5      35
       0       0       4    0.25       1    27.1      48
