       1       1    5.74
       1       1    5.26
       1       1    4.78
       1       1    5.03
       1       1    4.64
       1       1    4.68
       1       1    5.38
       1       1    5.97
       1       2    5.31
       1       2    4.84
       1       2    6.23
       1       2    5.57
       1       2    8.14
       1       2    5.15
       1       2    5.09
       1       2    3.77
       1       2    5.18
       1       2    4.90
       2       1    9.01
       2       1    6.92
       2       1    7.96
       2       1    7.97
       2       1    6.60
       2       1    8.67
       2       1    8.02
       2       1    8.21
       2       1    5.58
       2       1    5.78
       2       1    4.79
       2       2    7.41
       2       2    6.58
       2       2    5.32
       2       2    6.29
       2       2    5.97
       2       2    8.06
       2       2   10.38
       2       2    5.84
       2       2    6.09
       2       2    6.01
       2       2    6.51
