       1       0       0       0       0   437.9    1.94
       1       1       0       0       0   542.8    2.60
       1       0       1       0       0   419.7    1.98
       1       1       1       0       0   469.1    1.92
       1       0       0       1       0   416.9    2.58
       1       1       0       1       0   452.2    2.00
       1       0       1       1       0   468.0    2.14
       1       1       1       1       0   494.7    2.58
       1       0       0       0       1   452.3    2.24
       1       1       0       0       1   551.3    2.34
       1       0       1       0       1   422.3    1.90
       1       1       1       0       1   367.2    2.10
       1       0       0       1       1   433.7    2.60
       1       1       0       1       1   425.3    2.04
       1       0       1       1       1   501.7    2.36
       1       1       1       1       1   442.4    2.14
       2       0       0       0       0   436.6    2.20
       2       1       0       0       0   450.7    2.32
       2       0       1       0       0   513.3    2.18
       2       1       1       0       0   465.1    1.98
       2       0       0       1       0   462.1    2.70
       2       1       0       1       0   479.2    2.28
       2       0       1       1       0   414.1    2.26
       2       1       1       1       0   469.2    2.50
       2       0       0       0       1   455.0    2.38
       2       1       0       0       1   470.5    2.36
       2       0       1       0       1   449.4    1.86
       2       1       1       0       1   494.5    2.64
       2       0       0       1       1   465.0    2.36
       2       1       0       1       1   416.7    2.24
       2       0       1       1       1   514.4    2.56
       2       1       1       1       1   381.5    2.18
