       1       0       1       1       1       1     2.8     1.0     0.4
       1       0       1       1       0       2     1.0     0.4     0.7
       1       0       1       0       1       3     3.0     1.2     0.7
       1       0       1       0       0       4     1.5     0.9     1.0
       1       1       1       1       1       5     3.0     0.6     0.6
       1       1       1       1       0       6     2.1     0.5     0.8
       1       1       1       0       1       7     2.9     1.1     0.9
       1       1       1       0       0       8     2.1     0.9     0.7
       2       0       1       1       1       9     6.8     6.8     1.0
       2       0       1       1       0      10     5.4     6.1     0.2
       2       0       1       0       1      11     6.5     7.3     1.3
       2       0       1       0       0      12     5.4     6.4     0.7
       2       1       1       1       1      13     2.9     2.2     1.1
       2       1       1       1       0      14     2.8     2.3     0.8
       2       1       1       0       1      15     3.6     2.6     0.3
       2       1       1       0       0      16     3.0     2.5     0.4
       1       0       3       1       1       1     3.5     0.9     0.8
       1       0       3       1       0       2     1.4     0.3     0.9
       1       0       3       0       1       3     3.7     1.1     0.4
       1       0       3       0       0       4     1.8     0.7     0.6
       1       1       3       1       1       5     3.5     0.5     0.8
       1       1       3       1       0       6     2.3     0.5     0.8
       1       1       3       0       1       7     3.5     1.1     1.6
       1       1       3       0       0       8     2.2     0.8     0.6
       2       0       3       1       1       9     7.9     7.3     1.2
       2       0       3       1       0      10     7.0     6.5     1.3
       2       0       3       0       1      11     8.0     7.8     0.8
       2       0       3       0       0      12     7.2     6.9     0.9
       2       1       3       1       1      13     4.0     2.8     0.5
       2       1       3       1       0      14     4.2     3.0     0.7
       2       1       3       0       1      15     4.8     3.0     0.4
       2       1       3       0       0      16     4.5     3.3     0.9
       1       0       5       1       1       1     4.0     0.9     0.9
       1       0       5       1       0       2     1.8     0.4     0.7
       1       0       5       0       1       3     4.2     1.1     0.8
       1       0       5       0       0       4     1.9     0.5     0.9
       1       1       5       1       1       5     3.9     0.7     0.9
       1       1       5       1       0       6     2.5     0.5     0.5
       1       1       5       0       1       7     3.7     1.0     1.1
       1       1       5       0       0       8     2.2     0.6     1.1
       2       0       5       1       1       9     8.6     7.0     0.7
       2       0       5       1       0      10     7.5     6.7     0.5
       2       0       5       0       1      11     8.8     7.6     0.6
       2       0       5       0       0      12     7.9     7.1     1.1
       2       1       5       1       1      13     4.7     3.1     1.1
       2       1       5       1       0      14     4.8     3.2     0.5
       2       1       5       0       1      15     5.3     3.5     0.3
       2       1       5       0       0      16     5.2     3.4     0.5
