      10       0       2    1.08    0.97
      10       0       3    1.15    1.06
      10       0       4    1.26    1.12
      10      30       2    1.20    1.08
      10      30       3    1.28    1.15
      10      30       4    1.41    1.26
      10      45       2    1.26    1.13
      10      45       3    1.34    1.20
      10      45       4    1.49    1.32
      15       0       2    1.63    1.43
      15       0       3    1.74    1.55
      15       0       4    1.90    1.71
      15      30       2    1.81    1.62
      15      30       3    1.92    1.72
      15      30       4    2.11    1.89
      15      45       2    1.89    1.70
      15      45       3    2.01    1.80
      15      45       4    2.21    1.98
      20       0       2    2.17    1.95
      20       0       3    2.31    2.07
      20       0       4    2.50    2.24
      20      30       2    2.41    2.16
      20      30       3    2.57    2.30
      20      30       4    2.82    2.52
      20      45       2    2.52    2.26
      20      45       3    2.68    2.40
      20      45       4    2.98    2.64
