       1       1    7.25
       1       1   11.16
       1       1   15.90
       2       1   10.91
       2       1    8.75
       2       1   10.87
       3       1   24.65
       3       1   23.63
       3       1   28.75
       4       1   20.95
       4       1   15.82
       4       1   25.24
       5       1   25.92
       5       1   27.64
       5       1   28.03
       6       1   23.39
       6       1   19.43
       6       1   25.55
       1       2   10.03
       1       2   12.90
       1       2   17.84
       2       2    7.88
       2       2    9.14
       2       2   11.99
       3       2   22.97
       3       2   25.37
       3       2   25.71
       4       2   21.00
       4       2   15.09
       4       2   24.84
       5       2   25.42
       5       2   26.86
       5       2   26.64
       6       2   23.69
       6       2   20.71
       6       2   26.14
       1       3   12.45
       1       3   15.34
       1       3   17.32
       2       3    8.51
       2       3    8.15
       2       3   13.07
       3       3   22.09
       3       3   24.11
       3       3   24.47
       4       3   20.81
       4       3   16.05
       4       3   23.70
       5       3   26.42
       5       3   27.07
       5       3   28.01
       6       3   24.18
       6       3   19.58
       6       3   25.74
