       1       1       1       1       0       0
       1       1       1       2       0       4
       1       1       1       3       0       1
       1       1       1       4       0       5
       1       1       2       5       1       5
       1       1       2       6       0       5
       1       1       2       7       1       5
       1       1       2       8       0       0
       1       1       3       9       0       5
       1       1       3      10       2       1
       1       1       3      11       2       4
       1       1       3      12       3       5
       1       1       4      13       0       0
       1       1       4      14       0       0
       1       1       4      15       0       0
       1       1       4      16       0       0
       2       1       1       1       0       0
       2       1       1       2       0       0
       2       1       1       3       0       0
       2       1       1       4       0       3
       2       1       2       5       0       1
       2       1       2       6       5       5
       2       1       2       7       1       3
       2       1       2       8       0       1
       2       1       3       9       4       3
       2       1       3      10       2       0
       2       1       3      11       2       2
       2       1       3      12       2       3
       2       1       4      13       0       0
       2       1       4      14       0       0
       2       1       4      15       0       0
       2       1       4      16       0       0
       3       1       1       1       0       2
       3       1       1       2       0       1
       3       1       1       3       0       3
       3       1       1       4       0       3
       3       1       2       5       1       3
       3       1       2       6       0       2
       3       1       2       7       1       1
       3       1       2       8       0       3
       3       1       3       9       2       5
       3       1       3      10       0       5
       3       1       3      11       0       1
       3       1       3      12       2       0
       3       1       4      13       0       0
       3       1       4      14       0       0
       3       1       4      15       0       0
       3       1       4      16       0       0
       4       1       1       1       8       0
       4       1       1       2       6       1
       4       1       1       3       3       0
       4       1       1       4       4       4
       4       1       2       5       9       1
       4       1       2       6       4       5
       4       1       2       7       9       5
       4       1       2       8       8       4
       4       1       3       9       8       0
       4       1       3      10      14       3
       4       1       3      11       5       3
       4       1       3      12      10       2
       4       1       4      13       3       0
       4       1       4      14       4       0
       4       1       4      15       4       0
       4       1       4      16       2       0
       1       2       1       1       1       3
       1       2       1       2       0       1
       1       2       1       3       0       2
       1       2       1       4       1       3
       1       2       2       5       2       6
       1       2       2       6       0       2
       1       2       2       7       0       4
       1       2       2       8       0       4
       1       2       3       9       6       5
       1       2       3      10       1       1
       1       2       3      11       3       3
       1       2       3      12       1       5
       1       2       4      13       0       2
       1       2       4      14       0       1
       1       2       4      15       0       5
       1       2       4      16       0       5
       2       2       1       1       3       1
       2       2       1       2       1       0
       2       2       1       3       0       2
       2       2       1       4       0       0
       2       2       2       5       2       0
       2       2       2       6       0       1
       2       2       2       7       0       1
       2       2       2       8       0       3
       2       2       3       9       3       4
       2       2       3      10       5       5
       2       2       3      11       3       4
       2       2       3      12       4       4
       2       2       4      13       0       1
       2       2       4      14       0       2
       2       2       4      15       0       3
       2       2       4      16       0       2
       3       2       1       1       0       4
       3       2       1       2       1       3
       3       2       1       3       0       5
       3       2       1       4       0       0
       3       2       2       5       0      10
       3       2       2       6       0       5
       3       2       2       7       0       6
       3       2       2       8       0       8
       3       2       3       9       3      10
       3       2       3      10       2       6
       3       2       3      11       0       7
       3       2       3      12       2       7
       3       2       4      13       1       5
       3       2       4      14       0       8
       3       2       4      15       0       5
       3       2       4      16       1       9
       4       2       1       1      17       3
       4       2       1       2       8       3
       4       2       1       3       8       5
       4       2       1       4      10       1
       4       2       2       5       7       4
       4       2       2       6       3       3
       4       2       2       7       5       4
       4       2       2       8       6       4
       4       2       3       9      15       2
       4       2       3      10      12       5
       4       2       3      11       9       2
       4       2       3      12      13       4
       4       2       4      13       8       1
       4       2       4      14       9       3
       4       2       4      15      11       1
       4       2       4      16       6       5
       1       3       1       1       0       6
       1       3       1       2       0       6
       1       3       1       3       0       8
       1       3       1       4       2      11
       1       3       2       5       2       6
       1       3       2       6       0       7
       1       3       2       7       2       6
       1       3       2       8       3       5
       1       3       3       9       0       7
       1       3       3      10       0       6
       1       3       3      11       0       5
       1       3       3      12       1       5
       1       3       4      13       0       5
       1       3       4      14       0       4
       1       3       4      15       0       9
       1       3       4      16       0       6
       2       3       1       1       2       5
       2       3       1       2       0      11
       2       3       1       3       2       9
       2       3       1       4       0       5
       2       3       2       5       1       6
       2       3       2       6       2       5
       2       3       2       7       3       6
       2       3       2       8       0       5
       2       3       3       9       1       9
       2       3       3      10       0       5
       2       3       3      11       0       8
       2       3       3      12       0       7
       2       3       4      13       5       6
       2       3       4      14       0       3
       2       3       4      15       2       1
       2       3       4      16       6       1
       3       3       1       1       0       8
       3       3       1       2       0      11
       3       3       1       3       0      13
       3       3       1       4       0       8
       3       3       2       5       1      10
       3       3       2       6       0      10
       3       3       2       7       0       9
       3       3       2       8       3      11
       3       3       3       9       3      14
       3       3       3      10       3      13
       3       3       3      11       5      12
       3       3       3      12       0      13
       3       3       4      13       0      14
       3       3       4      14       0      14
       3       3       4      15       1      18
       3       3       4      16       1      20
       4       3       1       1      15       6
       4       3       1       2      12       8
       4       3       1       3       7      11
       4       3       1       4      17       2
       4       3       2       5       9       8
       4       3       2       6       7       6
       4       3       2       7       9       4
       4       3       2       8       9       5
       4       3       3       9      16       3
       4       3       3      10       9       2
       4       3       3      11      14       5
       4       3       3      12      10       3
       4       3       4      13      14       7
       4       3       4      14      11      10
       4       3       4      15      16       5
       4       3       4      16       6      17
