       1       1  -15.06   91.72   -5.77
       1       1  -23.21   95.60   41.80
       1       1   -5.10   72.15   -4.38
       1       1  -20.30   74.45  -56.19
       1       1   31.71   50.39   31.86
       1       1   47.78   92.97   99.00
       1       1   62.95   77.23   67.79
       1       1  -66.99   51.65   52.00
       1       1   44.48   37.60  -28.60
       1       1   79.16   42.12   39.13
       1       1   40.30   89.41  -95.25
       1       1   99.83   79.40  -37.92
       1       1  -32.73   49.12   40.99
       1       1   44.13   99.47  -29.29
       1       1  -14.51   31.56   -2.50
       1       1   17.68   24.91   14.60
       1       1   -4.51   72.48   98.85
       1       2   17.60   65.59  -96.13
       1       2   99.37   60.77  -13.49
       1       2   22.93   79.87  -21.71
       1       2   25.98   49.17  -39.86
       1       2   42.00   87.64   68.11
       1       2   42.94   79.83   86.39
       1       2   38.95   71.48  -97.36
       1       2   34.99   58.79  -52.53
       1       2   78.48   41.17  -49.23
       1       2   72.14   65.57  -31.07
       1       2   29.62   61.90  -97.92
       1       2   54.07   34.82   76.25
       1       2   32.71   18.02   98.64
       1       2   35.03   30.81   31.44
       1       2   69.92   33.41   86.37
       1       2   62.30   34.98   69.63
       1       2   68.86   76.48  -46.44
       2       1   32.50   42.81   36.92
       2       1  -47.69   21.81   24.86
       2       1    1.64   75.57  -19.24
       2       1   -1.11   65.48    7.48
       2       1   28.89   50.58   18.86
       2       1   68.78   49.71   29.63
       2       1   89.58   71.82   -3.88
       2       1   79.31   90.78   17.69
       2       1   87.82   77.11  -95.96
       2       1   11.84   61.12   52.73
       2       1  -25.82    0.13   -2.22
       2       1   13.78   27.60   38.37
       2       1  -60.70   92.21  -15.53
       2       1   49.46   66.71   28.79
       2       1  -20.88   10.70   94.55
       2       1   -6.61   77.71  -23.87
       2       1   29.02   83.76   42.00
       2       2   60.78   18.10   97.49
       2       2    7.94   57.81  -59.83
       2       2  -43.01   59.88   28.36
       2       2  -57.96   24.24   84.44
       2       2    3.34   33.75   -8.83
       2       2   13.15   53.91   91.30
       2       2   46.41    0.16  -50.62
       2       2  -40.28   35.43   52.17
       2       2   13.17   24.42  -18.67
       2       2   42.63   44.56  -54.41
       2       2    3.43   82.97  -50.66
       2       2   92.90   56.23   35.83
       2       2   66.77   50.34  -39.29
       2       2   32.46   94.11    7.70
       2       2  -22.90   35.40  -69.56
       2       2    7.70   60.69   49.59
       2       2  -15.74    4.10  -57.60
