       1       1       1   13.65   10.75
       2       1       1    3.61    4.42
       3       1       1    3.95    3.85
       4       1       1    4.78    4.00
       5       1       1    6.80    2.80
       6       1       1    3.90    3.90
       7       1       1    6.11    6.02
       8       1       1    5.29    3.65
       9       1       1    6.51    7.25
      10       1       2    5.00    5.00
      11       1       2    4.55    4.80
      12       1       2    6.91    6.97
      13       1       2    5.40    6.50
      14       1       2    7.05    6.95
      15       1       2    7.79    3.82
      16       1       2   10.03    5.65
      17       1       2    6.85    7.30
      18       1       2    4.36    3.92
       1       2       1    5.55    5.55
       2       2       1    3.75    3.75
       3       2       1    1.85    1.85
       4       2       1    6.45    6.45
       5       2       1    6.00    6.00
       6       2       1    4.75    4.75
       7       2       1    0.65    0.65
       8       2       1    0.70    0.70
       9       2       1    2.75    2.75
      10       2       2    1.25    1.25
      11       2       2    0.90    0.90
      12       2       2    4.35    4.35
      13       2       2    2.65    2.65
      14       2       2    4.20    4.20
      15       2       2    3.70    3.70
      16       2       2    7.15    7.15
      17       2       2    2.80    2.80
      18       2       2    1.70    1.70
