       1       0       1       0       1     515
       2       0       0       0       0     837
       3       1       1       0       0     655
       4       1       0       1       0     695
       5       0       0       1       1     621
       6       1       1       1       1     524
       7       1       1       1       0     624
       8       0       1       1       0     699
       9       1       0       0       0     769
      10       1       0       1       1     637
      11       0       0       1       0     857
      12       0       0       0       1     664
      13       0       1       0       0     722
      14       1       0       0       1     609
      15       0       1       1       1     417
      16       1       1       0       1     486
      17       0       1       0       1     520
      18       0       0       0       0     831
      19       1       1       0       0     625
      20       1       0       1       0     698
      21       0       0       1       1     615
      22       1       1       1       1     520
      23       1       1       1       0     620
      24       0       1       1       0     702
      25       1       0       0       0     777
      26       1       0       1       1     640
      27       0       0       1       0     845
      28       0       0       0       1     660
      29       0       1       0       0     721
      30       1       0       0       1     600
      31       0       1       1       1     415
      32       1       1       0       1     486
