       1       1       1   61.31
       1       1       2   56.68
       1       1       3   63.89
       1       1       4   68.78
       1       1       5   68.41
       1       1       6   70.94
       1       2       1   65.99
       1       2       2   82.89
       1       2       3   94.41
       1       2       4   75.50
       1       2       5   78.94
       1       2       6   70.27
       1       3       1   82.62
       1       3       2   91.38
       1       3       3   93.44
       1       3       4   79.88
       1       3       5   95.51
       1       3       6   97.16
       1       4       1   98.92
       1       4       2   93.17
       1       4       3   93.62
       1       4       4   93.12
       1       4       5  112.78
       1       4       6   96.39
       2       1       1   58.64
       2       1       2   56.93
       2       1       3   69.98
       2       1       4   64.17
       2       1       5   72.10
       2       1       6   56.18
       2       2       1   89.52
       2       2       2   58.42
       2       2       3   78.86
       2       2       4   82.31
       2       2       5   91.96
       2       2       6   72.93
       2       3       1   89.20
       2       3       2  103.81
       2       3       3   90.94
       2       3       4  104.82
       2       3       5   77.98
       2       3       6   85.26
       2       4       1   78.98
       2       4       2   90.44
       2       4       3   93.71
       2       4       4   94.31
       2       4       5   90.84
       2       4       6  115.73
       3       1       1   79.43
       3       1       2   85.04
       3       1       3   74.77
       3       1       4   97.23
       3       1       5   82.01
       3       1       6   85.51
       3       2       1  106.77
       3       2       2  103.64
       3       2       3  108.03
       3       2       4  105.03
       3       2       5   83.89
       3       2       6   86.64
       3       3       1  111.14
       3       3       2  105.54
       3       3       3   86.52
       3       3       4   97.05
       3       3       5  102.66
       3       3       6  109.08
       3       4       1  104.72
       3       4       2   96.11
       3       4       3  119.03
       3       4       4  107.58
       3       4       5  104.17
       3       4       6  110.38
       4       1       1   95.93
       4       1       2   84.05
       4       1       3   81.78
       4       1       4   97.91
       4       1       5   79.58
       4       1       6   76.75
       4       2       1   89.83
       4       2       2   88.99
       4       2       3  107.22
       4       2       4   98.36
       4       2       5   96.73
       4       2       6   82.87
       4       3       1   98.12
       4       3       2  101.76
       4       3       3   97.90
       4       3       4   89.62
       4       3       5   83.82
       4       3       6  104.77
       4       4       1  104.95
       4       4       2  107.01
       4       4       3  102.21
       4       4       4   87.49
       4       4       5  114.36
       4       4       6   95.98
       5       1       1   67.57
       5       1       2   67.74
       5       1       3   71.44
       5       1       4   71.21
       5       1       5   70.55
       5       1       6   83.49
       5       2       1   91.53
       5       2       2   84.10
       5       2       3   96.77
       5       2       4   76.47
       5       2       5   91.78
       5       2       6   87.36
       5       3       1  101.48
       5       3       2   92.40
       5       3       3   93.77
       5       3       4  112.03
       5       3       5  111.42
       5       3       6  106.90
       5       4       1  103.93
       5       4       2  114.27
       5       4       3   99.66
       5       4       4  102.80
       5       4       5  116.71
       5       4       6   92.62
       6       1       1   70.82
       6       1       2   63.94
       6       1       3   71.61
       6       1       4   61.69
       6       1       5   56.84
       6       1       6   71.11
       6       2       1   79.60
       6       2       2   95.39
       6       2       3   95.56
       6       2       4   83.36
       6       2       5   81.60
       6       2       6   68.50
       6       3       1   97.15
       6       3       2   78.16
       6       3       3   83.00
       6       3       4   80.63
       6       3       5  103.40
       6       3       6   91.65
       6       4       1   97.11
       6       4       2  102.86
       6       4       3   88.27
       6       4       4   92.78
       6       4       5   82.69
       6       4       6   70.29
       7       1       1   74.96
       7       1       2   67.18
       7       1       3   62.09
       7       1       4   72.45
       7       1       5   72.55
       7       1       6   70.77
       7       2       1   92.95
       7       2       2   86.97
       7       2       3   94.76
       7       2       4   93.64
       7       2       5   96.76
       7       2       6   74.92
       7       3       1   96.41
       7       3       2  103.32
       7       3       3   81.37
       7       3       4   93.53
       7       3       5  102.54
       7       3       6  104.84
       7       4       1   94.09
       7       4       2   93.04
       7       4       3  112.31
       7       4       4   90.92
       7       4       5   84.00
       7       4       6  101.63
       8       1       1   65.68
       8       1       2   73.39
       8       1       3   68.95
       8       1       4   76.43
       8       1       5   64.86
       8       1       6   58.69
       8       2       1   76.34
       8       2       2   67.01
       8       2       3   91.27
       8       2       4   93.05
       8       2       5   90.17
       8       2       6   92.16
       8       3       1   97.21
       8       3       2  108.66
       8       3       3   95.58
       8       3       4   84.27
       8       3       5   81.71
       8       3       6   96.58
       8       4       1  106.38
       8       4       2   79.94
       8       4       3   89.60
       8       4       4  101.78
       8       4       5   93.83
       8       4       6   92.46
       9       1       1   76.15
       9       1       2   73.09
       9       1       3   69.07
       9       1       4   85.11
       9       1       5   78.62
       9       1       6   91.96
       9       2       1   99.26
       9       2       2   96.09
       9       2       3   98.72
       9       2       4   98.52
       9       2       5   95.10
       9       2       6   76.31
       9       3       1  103.61
       9       3       2  101.81
       9       3       3  114.30
       9       3       4   83.53
       9       3       5  111.49
       9       3       6  103.27
       9       4       1  105.78
       9       4       2  114.25
       9       4       3  124.75
       9       4       4   89.80
       9       4       5   90.64
       9       4       6  110.79
      10       1       1   84.83
      10       1       2   71.63
      10       1       3   63.55
      10       1       4   71.50
      10       1       5   78.52
      10       1       6   79.97
      10       2       1   81.08
      10       2       2   83.57
      10       2       3  109.77
      10       2       4  103.02
      10       2       5   89.90
      10       2       6  102.65
      10       3       1   87.50
      10       3       2   88.12
      10       3       3  113.93
      10       3       4  121.64
      10       3       5   91.08
      10       3       6   97.73
      10       4       1   87.77
      10       4       2  109.92
      10       4       3   93.94
      10       4       4  107.49
      10       4       5   88.60
      10       4       6  106.28
      11       1       1   67.39
      11       1       2   65.61
      11       1       3   77.57
      11       1       4   76.05
      11       1       5   61.38
      11       1       6   78.00
      11       2       1   85.76
      11       2       2   78.95
      11       2       3   73.53
      11       2       4   81.21
      11       2       5   90.66
      11       2       6   93.90
      11       3       1   88.24
      11       3       2   88.52
      11       3       3   93.33
      11       3       4   83.17
      11       3       5  106.12
      11       3       6   80.62
      11       4       1  106.12
      11       4       2   91.11
      11       4       3   89.85
      11       4       4   74.92
      11       4       5   92.30
      11       4       6   97.71
      12       1       1   71.74
      12       1       2   73.57
      12       1       3   69.15
      12       1       4   80.61
      12       1       5   79.30
      12       1       6   75.64
      12       2       1   76.24
      12       2       2   90.39
      12       2       3   90.49
      12       2       4   94.11
      12       2       5   82.71
      12       2       6   94.06
      12       3       1   93.52
      12       3       2   92.42
      12       3       3   86.03
      12       3       4  106.00
      12       3       5   90.92
      12       3       6  107.11
      12       4       1   91.36
      12       4       2   97.09
      12       4       3   90.30
      12       4       4  112.18
      12       4       5  100.39
      12       4       6  102.67
      13       1       1   77.46
      13       1       2   82.84
      13       1       3   71.71
      13       1       4   66.35
      13       1       5   68.90
      13       1       6   76.74
      13       2       1   90.19
      13       2       2   87.82
      13       2       3   74.75
      13       2       4   75.34
      13       2       5   83.54
      13       2       6   80.36
      13       3       1   84.18
      13       3       2   96.28
      13       3       3   82.48
      13       3       4   88.29
      13       3       5   87.35
      13       3       6  101.41
      13       4       1   89.25
      13       4       2   94.10
      13       4       3  103.86
      13       4       4   92.51
      13       4       5   87.77
      13       4       6   78.51
      14       1       1   58.39
      14       1       2   56.06
      14       1       3   57.96
      14       1       4   51.73
      14       1       5   59.87
      14       1       6   51.99
      14       2       1   74.65
      14       2       2   72.40
      14       2       3   76.70
      14       2       4   77.85
      14       2       5   85.69
      14       2       6   74.71
      14       3       1   82.26
      14       3       2   82.49
      14       3       3   88.95
      14       3       4   92.33
      14       3       5   79.15
      14       3       6   90.81
      14       4       1   99.15
      14       4       2   81.23
      14       4       3   87.19
      14       4       4   79.95
      14       4       5   92.06
      14       4       6   88.43
      15       1       1   61.86
      15       1       2   56.07
      15       1       3   60.00
      15       1       4   65.51
      15       1       5   61.56
      15       1       6   67.01
      15       2       1   75.37
      15       2       2   83.92
      15       2       3   86.25
      15       2       4   74.62
      15       2       5   82.17
      15       2       6   71.67
      15       3       1   86.37
      15       3       2   95.70
      15       3       3   96.00
      15       3       4   86.63
      15       3       5   77.91
      15       3       6   91.40
      15       4       1   90.16
      15       4       2   92.65
      15       4       3   76.82
      15       4       4   91.41
      15       4       5  100.97
      15       4       6   87.99
      16       1       1   65.15
      16       1       2   67.33
      16       1       3   72.72
      16       1       4   58.23
      16       1       5   66.53
      16       1       6   66.05
      16       2       1   77.63
      16       2       2   78.51
      16       2       3   79.95
      16       2       4   67.55
      16       2       5   76.96
      16       2       6   75.40
      16       3       1   83.18
      16       3       2   80.54
      16       3       3   74.20
      16       3       4   92.58
      16       3       5   80.24
      16       3       6   75.27
      16       4       1   82.59
      16       4       2   82.27
      16       4       3   65.45
      16       4       4   87.38
      16       4       5   84.79
      16       4       6   89.52
