       1       1       1  -1.397
       1       2       1  -2.402
       1       3       1  -1.358
       2       4       1   -1.16
       2       5       1   -1.47
       2       6       1  -1.878
       1       1       2  -0.699
       1       2       2  -1.201
       1       3       2    0.97
       2       4       2  -1.367
       2       5       2  -1.617
       2       6       2  -2.442
       1       1       3  -0.873
       1       2       3  -1.502
       1       3       3  -0.194
       2       4       3   -0.41
       2       5       3  -0.735
       2       6       3  -0.376
       1       1       4  -0.524
       1       2       4  -1.201
       1       3       4   0.388
       2       4       4    0.41
       2       5       4   0.735
       2       6       4   0.376
