       1       1       1       1     6.2
       1       1       1       2     3.3
       1       1       1       3     5.1
       1       2       2       1     4.0
       1       2       2       2     1.8
       1       2       2       3     3.6
       2       1       3       1     2.4
       2       1       3       2    -1.9
       2       1       3       3     1.7
       2       2       4       1     2.6
       2       2       4       2     2.8
       2       2       4       3     4.5
       3       1       5       1    -4.9
       3       1       5       2    -4.5
       3       1       5       3    -4.0
       3       2       6       1    -5.4
       3       2       6       2    -6.4
       3       2       6       3    -2.2
       4       1       7       1    -1.9
       4       1       7       2    -3.0
       4       1       7       3    -2.4
       4       2       8       1    -0.5
       4       2       8       2     1.5
       4       2       8       3    -0.4
       5       1       9       1     1.3
       5       1       9       2     3.2
       5       1       9       3     5.6
       5       2      10       1     4.6
       5       2      10       2     4.8
       5       2      10       3     4.8
       6       1      11       1    -2.7
       6       1      11       2     0.2
       6       1      11       3    -2.0
       6       2      12       1    -3.1
       6       2      12       2     2.3
       6       2      12       3    -1.3
