       1       0       0       0   419.7    3.22
       1       1       0       0   442.7    2.78
       1       0       1       0   457.4    1.60
       1       1       1       0   435.2    1.88
       1       0       0       1   404.1    1.88
       1       1       0       1   479.1    2.34
       1       0       1       1   450.8    2.44
       1       1       1       1   432.7    2.12
       2       0       0       0   378.1    2.88
       2       1       0       0   413.3    2.37
       2       0       1       0   365.1    1.40
       2       1       1       0   492.0    2.02
       2       0       0       1   389.5    2.02
       2       1       0       1   467.8    1.92
       2       0       1       1   442.3    2.44
       2       1       1       1   444.3    1.74
