       1       1       1   39.65
       2       1       1   39.70
       3       1       1   39.38
       4       1       1   39.08
       5       1       1   38.22
       6       1       1   39.09
       7       1       1   38.76
       8       1       1   41.12
       9       1       1   41.91
      10       1       1   38.60
       1       1       2   39.72
       2       1       2   39.24
       3       1       2   40.70
       4       1       2   39.01
       5       1       2   39.04
       6       1       2   39.37
       7       1       2   39.80
       8       1       2   40.41
       9       1       2   42.09
      10       1       2   39.16
       1       1       3   39.81
       2       1       3   39.05
       3       1       3   40.36
       4       1       3   39.47
       5       1       3   38.35
       6       1       3   39.05
       7       1       3   40.83
       8       1       3   40.52
       9       1       3   42.65
      10       1       3   38.89
       1       1       4   39.65
       2       1       4   38.81
       3       1       4   40.18
       4       1       4   39.09
       5       1       4   38.93
       6       1       4   39.47
       7       1       4   39.70
       8       1       4   40.49
       9       1       4   42.41
      10       1       4   38.66
       1       1       5   39.79
       2       1       5   39.47
       3       1       5   39.84
       4       1       5   39.17
       5       1       5   38.79
       6       1       5   39.28
       7       1       5   39.39
       8       1       5   40.27
       9       1       5   42.32
      10       1       5   38.70
       1       2       1   39.60
       2       2       1   39.37
       3       2       1   39.09
       4       2       1   40.20
       5       2       1   38.32
       6       2       1   39.40
       7       2       1   38.20
       8       2       1   40.55
       9       2       1   42.55
      10       2       1   39.22
       1       2       2   39.18
       2       2       2   39.21
       3       2       2   38.94
       4       2       2   38.50
       5       2       2   38.91
       6       2       2   39.27
       7       2       2   38.25
       8       2       2   40.48
       9       2       2   42.13
      10       2       2   38.79
       1       2       3   39.04
       2       2       3   39.25
       3       2       3   39.17
       4       2       3   38.53
       5       2       3   38.34
       6       2       3   39.89
       7       2       3   38.86
       8       2       3   40.73
       9       2       3   43.09
      10       2       3   38.94
       1       2       4   39.40
       2       2       4   39.73
       3       2       4   39.17
       4       2       4   39.05
       5       2       4   38.80
       6       2       4   39.10
       7       2       4   38.47
       8       2       4   40.71
       9       2       4   42.35
      10       2       4   41.53
       1       2       5   39.34
       2       2       5   38.81
       3       2       5   39.05
       4       2       5   38.67
       5       2       5   38.34
       6       2       5   39.02
       7       2       5   38.31
       8       2       5   41.20
       9       2       5   41.98
      10       2       5   38.84
