       1       1       1   40.83
       2       1       1   38.95
       3       1       1   39.33
       4       1       1   40.42
       5       1       1   38.79
       6       1       1   40.17
       7       1       1   38.72
       8       1       1   41.40
       9       1       1   42.55
      10       1       1   38.93
       1       3       1   40.38
       2       3       1   39.28
       3       3       1   39.33
       4       3       1   39.96
       5       3       1   39.30
       6       3       1   40.45
       7       3       1   39.18
       8       3       1   41.58
       9       3       1   42.84
      10       3       1   39.31
       1       1       2   40.84
       2       1       2   38.96
       3       1       2   39.30
       4       1       2   40.43
       5       1       2   38.77
       6       1       2   40.10
       7       1       2   38.74
       8       1       2   41.40
       9       1       2   42.48
      10       1       2   38.90
       1       3       2   40.43
       2       3       2   39.29
       3       3       2   39.26
       4       3       2   39.97
       5       3       2   39.25
       6       3       2   40.44
       7       3       2   39.16
       8       3       2   41.57
       9       3       2   42.89
      10       3       2   39.22
       1       1       3   40.76
       2       1       3   39.01
       3       1       3   39.37
       4       1       3   40.35
       5       1       3   38.81
       6       1       3   40.12
       7       1       3   38.73
       8       1       3   41.44
       9       1       3   42.55
      10       1       3   38.90
       1       3       3   40.34
       2       3       3   39.31
       3       3       3   39.28
       4       3       3   40.02
       5       3       3   39.34
       6       3       3   40.37
       7       3       3   39.22
       8       3       3   41.46
       9       3       3   42.83
      10       3       3   39.28
       1       1       4   40.88
       2       1       4   38.91
       3       1       4   39.35
       4       1       4   40.34
       5       1       4   38.77
       6       1       4   40.13
       7       1       4   38.79
       8       1       4   41.56
       9       1       4   42.51
      10       1       4   38.97
       1       3       4   40.39
       2       3       4   39.28
       3       3       4   39.30
       4       3       4   40.01
       5       3       4   39.34
       6       3       4   40.46
       7       3       4   39.28
       8       3       4   41.58
       9       3       4   42.80
      10       3       4   39.26
       1       2       1   40.44
       2       2       1   39.41
       3       2       1   39.01
       4       2       1   40.10
       5       2       1   38.64
       6       2       1   39.61
       7       2       1   38.85
       8       2       1   41.22
       9       2       1   43.21
      10       2       1   39.33
       1       4       1   40.59
       2       4       1   39.56
       3       4       1   39.30
       4       4       1   40.23
       5       4       1   38.56
       6       4       1   40.60
       7       4       1   38.82
       8       4       1   41.36
       9       4       1   42.39
      10       4       1   39.14
       1       2       2   40.39
       2       2       2   39.31
       3       2       2   38.94
       4       2       2   40.07
       5       2       2   38.68
       6       2       2   39.63
       7       2       2   38.86
       8       2       2   41.27
       9       2       2   43.29
      10       2       2   39.33
       1       4       2   40.57
       2       4       2   39.51
       3       4       2   39.39
       4       4       2   40.22
       5       4       2   38.60
       6       4       2   40.47
       7       4       2   38.80
       8       4       2   41.28
       9       4       2   42.45
      10       4       2   39.10
       1       2       3   40.38
       2       2       3   39.38
       3       2       3   38.98
       4       2       3   40.06
       5       2       3   38.63
       6       2       3   39.55
       7       2       3   38.81
       8       2       3   41.23
       9       2       3   43.26
      10       2       3   39.30
       1       4       3   40.51
       2       4       3   39.60
       3       4       3   39.33
       4       4       3   40.23
       5       4       3   38.59
       6       4       3   40.54
       7       4       3   38.77
       8       4       3   41.33
       9       4       3   42.45
      10       4       3   39.03
       1       2       4   40.42
       2       2       4   39.39
       3       2       4   38.96
       4       2       4   39.95
       5       2       4   38.63
       6       2       4   39.60
       7       2       4   38.80
       8       2       4   41.21
       9       2       4   43.16
      10       2       4   39.25
       1       4       4   40.50
       2       4       4   39.56
       3       4       4   39.32
       4       4       4   40.15
       5       4       4   38.54
       6       4       4   40.47
       7       4       4   38.86
       8       4       4   41.40
       9       4       4   42.39
      10       4       4   39.02
