       1       1       1       1  543.22
       1       2       1       1  592.25
       1       3       1       1  533.95
       1       4       1       1  661.65
       1       5       1       1  664.49
       1       6       1       1  586.89
       1       7       1       1  575.55
       1       8       1       1  541.30
       1       9       1       1  689.28
       1      10       1       1  660.72
       1      11       1       1  610.95
       1      12       1       1  582.62
       1      13       1       1  590.18
       1      14       1       1  602.50
       1      15       1       1  523.07
       1      16       1       1  666.89
       1      17       1       1  683.52
       1      18       1       1  538.72
       1      19       1       1  566.49
       1      20       1       1  642.09
       1      21       1       1  681.77
       1      22       1       1  651.74
       1      23       1       1  649.74
       1      24       1       1  673.69
       1      25       1       1  627.98
       1      26       1       1  520.28
       1      27       1       1  663.63
       1      28       1       1  548.18
       1      29       1       1  597.20
       1      30       1       1  669.40
       1      31       1       1  542.81
       1      32       1       1  599.92
       1      33       1       1  626.41
       1      34       1       1  690.28
       1      35       1       1  724.69
       1      36       1       1  491.08
       1      37       1       1  687.79
       1      38       1       1  628.01
       1      39       1       1  617.82
       1      40       1       1  572.38
       1      41       1       1  572.74
       1      42       1       1  592.01
       1      43       1       1  535.21
       1      44       1       1  564.14
       1      45       1       1  560.35
       1      46       1       1  608.76
       1      47       1       1  625.97
       1      48       1       1  592.45
       1      49       1       1  658.58
       1      50       1       1  610.76
       1      51       1       1  620.48
       1      52       1       1  534.07
       1      53       1       1  507.04
       1      54       1       1  566.88
       1      55       1       1  624.90
       1      56       1       1  586.43
       1      57       1       1  608.04
       1      58       1       1  654.41
       1      59       1       1  658.51
       1      60       1       1  576.94
       2       1       1       2  593.71
       2       2       1       2  718.01
       2       3       1       2  590.21
       2       4       1       2  574.75
       2       5       1       2  665.34
       2       6       1       2  537.52
       2       7       1       2  491.35
       2       8       1       2  564.94
       2       9       1       2  635.12
       2      10       1       2  704.46
       2      11       1       2  604.80
       2      12       1       2  591.64
       2      13       1       2  569.06
       2      14       1       2  636.27
       2      15       1       2  609.73
       2      16       1       2  641.93
       2      17       1       2  736.35
       2      18       1       2  657.29
       2      19       1       2  607.23
       2      20       1       2  552.42
       2      21       1       2  588.62
       2      22       1       2  549.89
       2      23       1       2  656.02
       2      24       1       2  698.26
       2      25       1       2  673.16
       2      26       1       2  567.94
       2      27       1       2  626.26
       2      28       1       2  629.29
       2      29       1       2  592.42
       2      30       1       2  508.46
       2      31       1       2  588.05
       2      32       1       2  589.43
       2      33       1       2  541.98
       2      34       1       2  633.46
       2      35       1       2  593.37
       2      36       1       2  629.82
       2      37       1       2  643.83
       2      38       1       2  653.05
       2      39       1       2  638.98
       2      40       1       2  518.77
       2      41       1       2  645.79
       2      42       1       2  602.28
       2      43       1       2  613.24
       2      44       1       2  645.48
       2      45       1       2  558.22
       2      46       1       2  615.54
       2      47       1       2  659.60
       2      48       1       2  533.48
       2      49       1       2  556.97
       2      50       1       2  620.87
       2      51       1       2  540.37
       2      52       1       2  586.45
       2      53       1       2  633.26
       2      54       1       2  567.80
       2      55       1       2  675.88
       2      56       1       2  562.99
       2      57       1       2  717.76
       2      58       1       2  679.53
       2      59       1       2  606.90
       2      60       1       2  614.58
       3       1       2       1  535.72
       3       2       2       2  442.90
       3       3       2       3  384.07
       3       4       2       4  591.21
       3       5       2       5  685.07
       3       6       2       6  539.53
       3       7       2       7  501.29
       3       8       2       8  510.42
       3       9       2       9  622.51
       3      10       2      10  301.85
       3      11       2      11  474.49
       3      12       2      12  601.31
       3      13       2      13  486.75
       3      14       2      14  565.28
       3      15       2      15  569.31
       3      16       2      16  577.95
       3      17       2      17  486.12
       3      18       2      18  476.10
       3      19       2      19  624.00
       3      20       2      20  535.18
       3      21       2      21  491.32
       3      22       2      22  586.10
       3      23       2      23  754.11
       3      24       2      24  408.18
       3      25       2      25  595.99
       3      26       2      26  738.22
       3      27       2      27  487.24
       3      28       2      28  406.42
       3      29       2      29  614.02
       3      30       2      30  444.96
       3      31       2      31  609.71
       3      32       2      32  628.54
       3      33       2      33  651.45
       3      34       2      34  772.69
       3      35       2      35  556.90
       3      36       2      36  532.33
       3      37       2      37  564.56
       3      38       2      38  471.48
       3      39       2      39  447.24
       3      40       2      40  508.58
       3      41       2      41  629.63
       3      42       2      42  614.47
       3      43       2      43  540.76
       3      44       2      44  758.80
       3      45       2      45  656.47
       3      46       2      46  580.46
       3      47       2      47  637.94
       3      48       2      48  414.01
       3      49       2      49  596.58
       3      50       2      50  501.06
       3      51       2      51  452.46
       3      52       2      52  660.80
       3      53       2      53  663.48
       3      54       2      54  623.85
       3      55       2      55  502.18
       3      56       2      56  799.07
       3      57       2      57  657.04
       3      58       2      58  546.74
       3      59       2      59  677.33
       3      60       2      60  665.79
       4       1       3       1  724.73
       4       2       3       2  775.86
       4       3       3       3  750.50
       4       4       3       4  698.45
       4       5       3       5  743.99
       4       6       3       6  636.55
       4       7       3       7  661.89
       4       8       3       8  654.61
       4       9       3       9  791.00
       4      10       3      10  815.06
       4      11       3      11  349.95
       4      12       3      12  837.51
       4      13       3      13  462.47
       4      14       3      14  689.91
       4      15       3      15  485.72
       4      16       3      16  746.37
       4      17       3      17  721.60
       4      18       3      18  488.20
       4      19       3      19  902.13
       4      20       3      20  835.70
       4      21       3      21  753.64
       4      22       3      22  478.13
       4      23       3      23  552.42
       4      24       3      24  610.54
       4      25       3      25  537.73
       4      26       3      26  573.34
       4      27       3      27  920.66
       4      28       3      28  618.24
       4      29       3      29  724.42
       4      30       3      30  798.23
       4      31       3      31  612.89
       4      32       3      32  612.46
       4      33       3      33  856.49
       4      34       3      34  504.23
       4      35       3      35  882.02
       4      36       3      36  745.49
       4      37       3      37  584.37
       4      38       3      38  777.47
       4      39       3      39  723.47
       4      40       3      40  902.66
       4      41       3      41  658.20
       4      42       3      42  751.44
       4      43       3      43  656.73
       4      44       3      44  446.81
       4      45       3      45  646.51
       4      46       3      46  787.33
       4      47       3      47  862.60
       4      48       3      48  789.65
       4      49       3      49  542.69
       4      50       3      50  474.64
       4      51       3      51  584.73
       4      52       3      52  557.62
       4      53       3      53  724.20
       4      54       3      54  819.62
       4      55       3      55  699.55
       4      56       3      56  515.19
       4      57       3      57  657.82
       4      58       3      58  479.05
       4      59       3      59  818.88
       4      60       3      60  785.62
