       1       1       1      10
       1       1       2      13
       1       1       3      14
       1       1       4      15
       1       1       5       8
       1       1       6      13
       1       1       7      15
       1       1       8      11
       1       1       9       9
       1       1      10      12
       1       2      11      15
       1       2      12      11
       1       2      13      12
       1       2      14      16
       1       2      15      14
       1       2      16      11
       1       2      17    14.5
       1       2      18      13
       1       2      19      10
       1       2      20    14.5
       2       1       1      16
       2       1       2      14
       2       1       3      14
       2       1       4      16
       2       1       5      12
       2       1       6      11
       2       1       7      11
       2       1       8      14
       2       1       9      11
       2       1      10      14
       2       2      11      14
       2       2      12      11
       2       2      13      16
       2       2      14      12
       2       2      15      14
       2       2      16      13
       2       2      17      14
       2       2      18      12
       2       2      19      13
       2       2      20      11
       3       1       1      16
       3       1       2      17
       3       1       3      16
       3       1       4      15
       3       1       5    14.5
       3       1       6    14.5
       3       1       7      16
       3       1       8      17
       3       1       9      15
       3       1      10    17.5
       3       2      11    17.5
       3       2      12      19
       3       2      13      18
       3       2      14      18
       3       2      15      15
       3       2      16      16
       3       2      17      18
       3       2      18      18
       3       2      19      17
       3       2      20    17.5
       4       1       1      14
       4       1       2      19
       4       1       3      12
       4       1       4      10
       4       1       5      19
       4       1       6      18
       4       1       7      17
       4       1       8      16
       4       1       9      18
       4       1      10      14
       4       2      11      10
       4       2      12      17
       4       2      13       9
       4       2      14      14
       4       2      15      19
       4       2      16      12
       4       2      17      15
       4       2      18      10
       4       2      19      11
       4       2      20      18
       5       1       1      17
       5       1       2      11
       5       1       3      13
       5       1       4      14
       5       1       5      14
       5       1       6      10
       5       1       7       9
       5       1       8       9
       5       1       9      10
       5       1      10      10
       5       2      11      13
       5       2      12      17
       5       2      13      13
       5       2      14      16
       5       2      15      12
       5       2      16      15
       5       2      17      10
       5       2      18      12
       5       2      19       8
       5       2      20      11
       6       1       1    15.5
       6       1       2      15
       6       1       3      17
       6       1       4      18
       6       1       5      16
       6       1       6      17
       6       1       7      15
       6       1       8      14
       6       1       9      16
       6       1      10      17
       6       2      11      13
       6       2      12      14
       6       2      13      17
       6       2      14      16
       6       2      15      15
       6       2      16      17
       6       2      17      14
       6       2      18    15.5
       6       2      19      13
       6       2      20      18
       7       1       1      10
       7       1       2      15
       7       1       3      12
       7       1       4      12
       7       1       5      15
       7       1       6      14
       7       1       7      15
       7       1       8      12
       7       1       9      15
       7       1      10      12
       7       2      11      14
       7       2      12      16
       7       2      13      11
       7       2      14      16
       7       2      15      14
       7       2      16      15
       7       2      17      13
       7       2      18      11
       7       2      19      10
       7       2      20      15
       8       1       1      16
       8       1       2      15
       8       1       3    14.5
       8       1       4    17.5
       8       1       5    16.5
       8       1       6      14
       8       1       7      12
       8       1       8      15
       8       1       9      13
       8       1      10      12
       8       2      11      15
       8       2      12    19.5
       8       2      13      14
       8       2      14      12
       8       2      15      13
       8       2      16      16
       8       2      17    14.5
       8       2      18      15
       8       2      19      16
       8       2      20      16
       9       1       1      17
       9       1       2      16
       9       1       3      12
       9       1       4      18
       9       1       5      15
       9       1       6      16
       9       1       7      15
       9       1       8      14
       9       1       9      17
       9       1      10      15
       9       2      11      19
       9       2      12      18
       9       2      13       8
       9       2      14      15
       9       2      15      15
       9       2      16      12
       9       2      17      15
       9       2      18      16
       9       2      19       7
       9       2      20      17
