       1       1       2    42.8
       1       1       6    46.2
       1       1      10    45.6
       2       1       2    43.0
       2       1       6    47.0
       2       1      10    43.8
       3       1       2    43.5
       3       1       6    45.2
       3       1      10    45.7
       1       2       2    33.6
       1       2       6    40.4
       1       2      10    40.1
       2       2       2    35.0
       2       2       6    39.4
       2       2      10    39.5
       3       2       2    36.2
       3       2       6    37.9
       3       2      10    39.2
       1       3       2    35.6
       1       3       6    35.2
       1       3      10    36.6
       2       3       2    34.8
       2       3       6    33.0
       2       3      10    32.3
       3       3       2    34.8
       3       3       6    32.3
       3       3      10    35.6
