       1       1       1       1     163
       1       1       1       2     243
       1       1       1       3     178
       1       1       1       4     183
       1       1       1       5     245
       1       1       1       6     269
       1       1       1       7     298
       1       1       2       1     225
       1       1       2       2     225
       1       1       2       3     161
       1       1       2       4     265
       1       1       2       5     212
       1       1       2       6     259
       1       1       2       7     200
       1       2       1       1     215
       1       2       1       2     200
       1       2       1       3     210
       1       2       1       4     258
       1       2       1       5     180
       1       2       1       6     177
       1       2       1       7     230
       1       2       2       1     221
       1       2       2       2     205
       1       2       2       3     187
       1       2       2       4     230
       1       2       2       5     181
       1       2       2       6     222
       1       2       2       7     207
       1       3       1       1     159
       1       3       1       2     168
       1       3       1       3     201
       1       3       1       4     172
       1       3       1       5     216
       1       3       1       6     257
       1       3       1       7     225
       1       3       2       1     225
       1       3       2       2     170
       1       3       2       3     179
       1       3       2       4     198
       1       3       2       5     191
       1       3       2       6     190
       1       3       2       7     187
       1       4       1       1     204
       1       4       1       2     217
       1       4       1       3     188
       1       4       1       4     188
       1       4       1       5     237
       1       4       1       6     208
       1       4       1       7     176
       1       4       2       1     161
       1       4       2       2     211
       1       4       2       3     226
       1       4       2       4     235
       1       4       2       5     192
       1       4       2       6     264
       1       4       2       7     247
       2       1       1       1     154
       2       1       1       2     246
       2       1       1       3     237
       2       1       1       4     211
       2       1       1       5     268
       2       1       1       6     214
       2       1       1       7     211
       2       1       2       1     177
       2       1       2       2     199
       2       1       2       3     198
       2       1       2       4     212
       2       1       2       5     214
       2       1       2       6     191
       2       1       2       7     233
       2       2       1       1     213
       2       2       1       2     215
       2       2       1       3     163
       2       2       1       4     149
       2       2       1       5     192
       2       2       1       6     219
       2       2       1       7     218
       2       2       2       1     225
       2       2       2       2     156
       2       2       2       3     167
       2       2       2       4     220
       2       2       2       5     181
       2       2       2       6     209
       2       2       2       7     213
       2       3       1       1     199
       2       3       1       2     162
       2       3       1       3     219
       2       3       1       4     173
       2       3       1       5     203
       2       3       1       6     197
       2       3       1       7     216
       2       3       2       1     208
       2       3       2       2     171
       2       3       2       3     190
       2       3       2       4     195
       2       3       2       5     254
       2       3       2       6     167
       2       3       2       7     196
       2       4       1       1     184
       2       4       1       2     207
       2       4       1       3     209
       2       4       1       4     189
       2       4       1       5     198
       2       4       1       6     198
       2       4       1       7     154
       2       4       2       1     182
       2       4       2       2     223
       2       4       2       3     202
       2       4       2       4     181
       2       4       2       5     193
       2       4       2       6     154
       2       4       2       7     208
       3       1       1       1     177
       3       1       1       2     186
       3       1       1       3     255
       3       1       1       4     257
       3       1       1       5     224
       3       1       1       6     201
       3       1       1       7     222
       3       1       2       1     215
       3       1       2       2     205
       3       1       2       3     245
       3       1       2       4     224
       3       1       2       5     226
       3       1       2       6     190
       3       1       2       7     227
       3       2       1       1     231
       3       2       1       2     225
       3       2       1       3     213
       3       2       1       4     177
       3       2       1       5     169
       3       2       1       6     238
       3       2       1       7     239
       3       2       2       1     169
       3       2       2       2     225
       3       2       2       3     194
       3       2       2       4     233
       3       2       2       5     223
       3       2       2       6     205
       3       2       2       7     178
       3       3       1       1     213
       3       3       1       2     239
       3       3       1       3     266
       3       3       1       4     245
       3       3       1       5     192
       3       3       1       6     233
       3       3       1       7     185
       3       3       2       1     196
       3       3       2       2     197
       3       3       2       3     200
       3       3       2       4     159
       3       3       2       5     203
       3       3       2       6     212
       3       3       2       7     195
       3       4       1       1     215
       3       4       1       2     213
       3       4       1       3     212
       3       4       1       4     203
       3       4       1       5     216
       3       4       1       6     195
       3       4       1       7     206
       3       4       2       1     204
       3       4       2       2     239
       3       4       2       3     235
       3       4       2       4     207
       3       4       2       5     233
       3       4       2       6     234
       3       4       2       7     205
       4       1       1       1     214
       4       1       1       2     219
       4       1       1       3     211
       4       1       1       4     197
       4       1       1       5     216
       4       1       1       6     224
       4       1       1       7     224
       4       1       2       1     214
       4       1       2       2     182
       4       1       2       3     234
       4       1       2       4     223
       4       1       2       5     232
       4       1       2       6     265
       4       1       2       7     217
       4       2       1       1     224
       4       2       1       2     206
       4       2       1       3     233
       4       2       1       4     247
       4       2       1       5     230
       4       2       1       6     206
       4       2       1       7     215
       4       2       2       1     221
       4       2       2       2     195
       4       2       2       3     211
       4       2       2       4     198
       4       2       2       5     234
       4       2       2       6     167
       4       2       2       7     246
       4       3       1       1     227
       4       3       1       2     231
       4       3       1       3     170
       4       3       1       4     204
       4       3       1       5     212
       4       3       1       6     233
       4       3       1       7     237
       4       3       2       1     230
       4       3       2       2     199
       4       3       2       3     245
       4       3       2       4     216
       4       3       2       5     168
       4       3       2       6     237
       4       3       2       7     165
       4       4       1       1     174
       4       4       1       2     169
       4       4       1       3     209
       4       4       1       4     195
       4       4       1       5     212
       4       4       1       6     258
       4       4       1       7     265
       4       4       2       1     279
       4       4       2       2     188
       4       4       2       3     202
       4       4       2       4     195
       4       4       2       5     256
       4       4       2       6     233
       4       4       2       7     192
       5       1       1       1     204
       5       1       1       2     212
       5       1       1       3     214
       5       1       1       4     219
       5       1       1       5     246
       5       1       1       6     203
       5       1       1       7     202
       5       1       2       1     248
       5       1       2       2     203
       5       1       2       3     237
       5       1       2       4     188
       5       1       2       5     203
       5       1       2       6     187
       5       1       2       7     182
       5       2       1       1     193
       5       2       1       2     203
       5       2       1       3     185
       5       2       1       4     159
       5       2       1       5     219
       5       2       1       6     193
       5       2       1       7     216
       5       2       2       1     204
       5       2       2       2     223
       5       2       2       3     199
       5       2       2       4     188
       5       2       2       5     207
       5       2       2       6     219
       5       2       2       7     170
       5       3       1       1     209
       5       3       1       2     204
       5       3       1       3     235
       5       3       1       4     264
       5       3       1       5     197
       5       3       1       6     246
       5       3       1       7     173
       5       3       2       1     192
       5       3       2       2     181
       5       3       2       3     216
       5       3       2       4     181
       5       3       2       5     219
       5       3       2       6     179
       5       3       2       7     170
       5       4       1       1     200
       5       4       1       2     202
       5       4       1       3     219
       5       4       1       4     247
       5       4       1       5     215
       5       4       1       6     226
       5       4       1       7     203
       5       4       2       1     255
       5       4       2       2     259
       5       4       2       3     179
       5       4       2       4     198
       5       4       2       5     234
       5       4       2       6     192
       5       4       2       7     238
       6       1       1       1     237
       6       1       1       2     166
       6       1       1       3     242
       6       1       1       4     255
       6       1       1       5     190
       6       1       1       6     189
       6       1       1       7     209
       6       1       2       1     214
       6       1       2       2     179
       6       1       2       3     212
       6       1       2       4     266
       6       1       2       5     224
       6       1       2       6     172
       6       1       2       7     199
       6       2       1       1     183
       6       2       1       2     210
       6       2       1       3     163
       6       2       1       4     204
       6       2       1       5     189
       6       2       1       6     205
       6       2       1       7     208
       6       2       2       1     190
       6       2       2       2     212
       6       2       2       3     217
       6       2       2       4     224
       6       2       2       5     225
       6       2       2       6     205
       6       2       2       7     211
       6       3       1       1     171
       6       3       1       2     177
       6       3       1       3     205
       6       3       1       4     199
       6       3       1       5     182
       6       3       1       6     163
       6       3       1       7     221
       6       3       2       1     236
       6       3       2       2     193
       6       3       2       3     167
       6       3       2       4     217
       6       3       2       5     222
       6       3       2       6     176
       6       3       2       7     174
       6       4       1       1     192
       6       4       1       2     165
       6       4       1       3     195
       6       4       1       4     132
       6       4       1       5     159
       6       4       1       6     200
       6       4       1       7     141
       6       4       2       1     245
       6       4       2       2     221
       6       4       2       3     195
       6       4       2       4     181
       6       4       2       5     204
       6       4       2       6     177
       6       4       2       7     213
       7       1       1       1     185
       7       1       1       2     200
       7       1       1       3     156
       7       1       1       4     244
       7       1       1       5     234
       7       1       1       6     225
       7       1       1       7     225
       7       1       2       1     258
       7       1       2       2     175
       7       1       2       3     228
       7       1       2       4     233
       7       1       2       5     265
       7       1       2       6     276
       7       1       2       7     223
       7       2       1       1     194
       7       2       1       2     189
       7       2       1       3     213
       7       2       1       4     178
       7       2       1       5     220
       7       2       1       6     160
       7       2       1       7     237
       7       2       2       1     173
       7       2       2       2     209
       7       2       2       3     180
       7       2       2       4     185
       7       2       2       5     234
       7       2       2       6     159
       7       2       2       7     259
       7       3       1       1     184
       7       3       1       2     189
       7       3       1       3     190
       7       3       1       4     201
       7       3       1       5     186
       7       3       1       6     174
       7       3       1       7     187
       7       3       2       1     164
       7       3       2       2     183
       7       3       2       3     189
       7       3       2       4     206
       7       3       2       5     247
       7       3       2       6     216
       7       3       2       7     206
       7       4       1       1     225
       7       4       1       2     223
       7       4       1       3     187
       7       4       1       4     217
       7       4       1       5     227
       7       4       1       6     257
       7       4       1       7     203
       7       4       2       1     187
       7       4       2       2     237
       7       4       2       3     246
       7       4       2       4     207
       7       4       2       5     258
       7       4       2       6     203
       7       4       2       7     218
       8       1       1       1     209
       8       1       1       2     248
       8       1       1       3     190
       8       1       1       4     196
       8       1       1       5     241
       8       1       1       6     163
       8       1       1       7     215
       8       1       2       1     257
       8       1       2       2     192
       8       1       2       3     200
       8       1       2       4     208
       8       1       2       5     193
       8       1       2       6     217
       8       1       2       7     205
       8       2       1       1     183
       8       2       1       2     195
       8       2       1       3     211
       8       2       1       4     263
       8       2       1       5     186
       8       2       1       6     210
       8       2       1       7     252
       8       2       2       1     239
       8       2       2       2     264
       8       2       2       3     201
       8       2       2       4     155
       8       2       2       5     210
       8       2       2       6     226
       8       2       2       7     204
       8       3       1       1     220
       8       3       1       2     212
       8       3       1       3     191
       8       3       1       4     214
       8       3       1       5     201
       8       3       1       6     224
       8       3       1       7     205
       8       3       2       1     208
       8       3       2       2     166
       8       3       2       3     234
       8       3       2       4     209
       8       3       2       5     213
       8       3       2       6     246
       8       3       2       7     178
       8       4       1       1     200
       8       4       1       2     201
       8       4       1       3     213
       8       4       1       4     183
       8       4       1       5     213
       8       4       1       6     224
       8       4       1       7     189
       8       4       2       1     194
       8       4       2       2     200
       8       4       2       3     144
       8       4       2       4     172
       8       4       2       5     237
       8       4       2       6     202
       8       4       2       7     246
       9       1       1       1     181
       9       1       1       2     246
       9       1       1       3     200
       9       1       1       4     225
       9       1       1       5     214
       9       1       1       6     184
       9       1       1       7     192
       9       1       2       1     177
       9       1       2       2     246
       9       1       2       3     204
       9       1       2       4     198
       9       1       2       5     213
       9       1       2       6     161
       9       1       2       7     153
       9       2       1       1     197
       9       2       1       2     247
       9       2       1       3     212
       9       2       1       4     183
       9       2       1       5     214
       9       2       1       6     178
       9       2       1       7     202
       9       2       2       1     168
       9       2       2       2     191
       9       2       2       3     211
       9       2       2       4     215
       9       2       2       5     179
       9       2       2       6     172
       9       2       2       7     211
       9       3       1       1     179
       9       3       1       2     168
       9       3       1       3     228
       9       3       1       4     184
       9       3       1       5     197
       9       3       1       6     215
       9       3       1       7     216
       9       3       2       1     182
       9       3       2       2     178
       9       3       2       3     168
       9       3       2       4     191
       9       3       2       5     209
       9       3       2       6     189
       9       3       2       7     202
       9       4       1       1     216
       9       4       1       2     237
       9       4       1       3     204
       9       4       1       4     202
       9       4       1       5     178
       9       4       1       6     178
       9       4       1       7     192
       9       4       2       1     243
       9       4       2       2     147
       9       4       2       3     236
       9       4       2       4     213
       9       4       2       5     201
       9       4       2       6     226
       9       4       2       7     189
      10       1       1       1     201
      10       1       1       2     181
      10       1       1       3     183
      10       1       1       4     274
      10       1       1       5     197
      10       1       1       6     222
      10       1       1       7     170
      10       1       2       1     168
      10       1       2       2     215
      10       1       2       3     199
      10       1       2       4     259
      10       1       2       5     236
      10       1       2       6     209
      10       1       2       7     168
      10       2       1       1     226
      10       2       1       2     253
      10       2       1       3     186
      10       2       1       4     226
      10       2       1       5     196
      10       2       1       6     247
      10       2       1       7     225
      10       2       2       1     212
      10       2       2       2     224
      10       2       2       3     194
      10       2       2       4     190
      10       2       2       5     212
      10       2       2       6     203
      10       2       2       7     198
      10       3       1       1     195
      10       3       1       2     191
      10       3       1       3     177
      10       3       1       4     158
      10       3       1       5     199
      10       3       1       6     164
      10       3       1       7     154
      10       3       2       1     259
      10       3       2       2     178
      10       3       2       3     213
      10       3       2       4     203
      10       3       2       5     238
      10       3       2       6     233
      10       3       2       7     215
      10       4       1       1     184
      10       4       1       2     188
      10       4       1       3     220
      10       4       1       4     211
      10       4       1       5     222
      10       4       1       6     259
      10       4       1       7     266
      10       4       2       1     182
      10       4       2       2     214
      10       4       2       3     201
      10       4       2       4     207
      10       4       2       5     214
      10       4       2       6     245
      10       4       2       7     257
      11       1       1       1     174
      11       1       1       2     191
      11       1       1       3     221
      11       1       1       4     209
      11       1       1       5     217
      11       1       1       6     217
      11       1       1       7     179
      11       1       2       1     229
      11       1       2       2     238
      11       1       2       3     173
      11       1       2       4     194
      11       1       2       5     246
      11       1       2       6     156
      11       1       2       7     191
      11       2       1       1     212
      11       2       1       2     224
      11       2       1       3     194
      11       2       1       4     190
      11       2       1       5     212
      11       2       1       6     203
      11       2       1       7     198
      11       2       2       1     214
      11       2       2       2     195
      11       2       2       3     227
      11       2       2       4     194
      11       2       2       5     195
      11       2       2       6     186
      11       2       2       7     230
      11       3       1       1     181
      11       3       1       2     196
      11       3       1       3     200
      11       3       1       4     159
      11       3       1       5     193
      11       3       1       6     189
      11       3       1       7     210
      11       3       2       1     235
      11       3       2       2     170
      11       3       2       3     225
      11       3       2       4     208
      11       3       2       5     199
      11       3       2       6     166
      11       3       2       7     190
      11       4       1       1     177
      11       4       1       2     213
      11       4       1       3     223
      11       4       1       4     198
      11       4       1       5     191
      11       4       1       6     214
      11       4       1       7     201
      11       4       2       1     192
      11       4       2       2     190
      11       4       2       3     224
      11       4       2       4     211
      11       4       2       5     204
      11       4       2       6     225
      11       4       2       7     243
      12       1       1       1     195
      12       1       1       2     192
      12       1       1       3     163
      12       1       1       4     191
      12       1       1       5     221
      12       1       1       6     243
      12       1       1       7     185
      12       1       2       1     191
      12       1       2       2     164
      12       1       2       3     179
      12       1       2       4     230
      12       1       2       5     263
      12       1       2       6     217
      12       1       2       7     253
      12       2       1       1     220
      12       2       1       2     190
      12       2       1       3     126
      12       2       1       4     158
      12       2       1       5     172
      12       2       1       6     175
      12       2       1       7     190
      12       2       2       1     172
      12       2       2       2     183
      12       2       2       3     227
      12       2       2       4     179
      12       2       2       5     199
      12       2       2       6     163
      12       2       2       7     203
      12       3       1       1     190
      12       3       1       2     195
      12       3       1       3     199
      12       3       1       4     209
      12       3       1       5     202
      12       3       1       6     206
      12       3       1       7     234
      12       3       2       1     189
      12       3       2       2     187
      12       3       2       3     178
      12       3       2       4     165
      12       3       2       5     211
      12       3       2       6     199
      12       3       2       7     182
      12       4       1       1     230
      12       4       1       2     222
      12       4       1       3     151
      12       4       1       4     178
      12       4       1       5     186
      12       4       1       6     194
      12       4       1       7     182
      12       4       2       1     161
      12       4       2       2     246
      12       4       2       3     179
      12       4       2       4     215
      12       4       2       5     184
      12       4       2       6     183
      12       4       2       7     205
      13       1       1       1     159
      13       1       1       2     191
      13       1       1       3     199
      13       1       1       4     207
      13       1       1       5     205
      13       1       1       6     189
      13       1       1       7     222
      13       1       2       1     216
      13       1       2       2     189
      13       1       2       3     213
      13       1       2       4     202
      13       1       2       5     193
      13       1       2       6     190
      13       1       2       7     204
      13       2       1       1     196
      13       2       1       2     219
      13       2       1       3     203
      13       2       1       4     222
      13       2       1       5     223
      13       2       1       6     258
      13       2       1       7     227
      13       2       2       1     184
      13       2       2       2     213
      13       2       2       3     206
      13       2       2       4     184
      13       2       2       5     217
      13       2       2       6     179
      13       2       2       7     179
      13       3       1       1     211
      13       3       1       2     233
      13       3       1       3     223
      13       3       1       4     277
      13       3       1       5     224
      13       3       1       6     213
      13       3       1       7     177
      13       3       2       1     169
      13       3       2       2     210
      13       3       2       3     201
      13       3       2       4     192
      13       3       2       5     199
      13       3       2       6     214
      13       3       2       7     207
      13       4       1       1     179
      13       4       1       2     160
      13       4       1       3     167
      13       4       1       4     231
      13       4       1       5     202
      13       4       1       6     168
      13       4       1       7     164
      13       4       2       1     167
      13       4       2       2     234
      13       4       2       3     201
      13       4       2       4     277
      13       4       2       5     200
      13       4       2       6     182
      13       4       2       7     182
      14       1       1       1     164
      14       1       1       2     214
      14       1       1       3     180
      14       1       1       4     195
      14       1       1       5     199
      14       1       1       6     173
      14       1       1       7     239
      14       1       2       1     247
      14       1       2       2     213
      14       1       2       3     207
      14       1       2       4     247
      14       1       2       5     258
      14       1       2       6     239
      14       1       2       7     193
      14       2       1       1     189
      14       2       1       2     200
      14       2       1       3     224
      14       2       1       4     177
      14       2       1       5     246
      14       2       1       6     222
      14       2       1       7     242
      14       2       2       1     202
      14       2       2       2     212
      14       2       2       3     204
      14       2       2       4     179
      14       2       2       5     218
      14       2       2       6     153
      14       2       2       7     214
      14       3       1       1     209
      14       3       1       2     211
      14       3       1       3     212
      14       3       1       4     243
      14       3       1       5     195
      14       3       1       6     225
      14       3       1       7     225
      14       3       2       1     170
      14       3       2       2     191
      14       3       2       3     199
      14       3       2       4     239
      14       3       2       5     208
      14       3       2       6     168
      14       3       2       7     221
      14       4       1       1     220
      14       4       1       2     224
      14       4       1       3     223
      14       4       1       4     214
      14       4       1       5     218
      14       4       1       6     184
      14       4       1       7     215
      14       4       2       1     220
      14       4       2       2     215
      14       4       2       3     224
      14       4       2       4     237
      14       4       2       5     235
      14       4       2       6     236
      14       4       2       7     218
      15       1       1       1     181
      15       1       1       2     246
      15       1       1       3     200
      15       1       1       4     225
      15       1       1       5     214
      15       1       1       6     184
      15       1       1       7     192
      15       1       2       1     177
      15       1       2       2     246
      15       1       2       3     204
      15       1       2       4     198
      15       1       2       5     213
      15       1       2       6     161
      15       1       2       7     153
      15       2       1       1     204
      15       2       1       2     211
      15       2       1       3     229
      15       2       1       4     187
      15       2       1       5     207
      15       2       1       6     232
      15       2       1       7     194
      15       2       2       1     190
      15       2       2       2     231
      15       2       2       3     236
      15       2       2       4     222
      15       2       2       5     208
      15       2       2       6     235
      15       2       2       7     151
      15       3       1       1     217
      15       3       1       2     190
      15       3       1       3     193
      15       3       1       4     191
      15       3       1       5     211
      15       3       1       6     202
      15       3       1       7     178
      15       3       2       1     238
      15       3       2       2     227
      15       3       2       3     200
      15       3       2       4     237
      15       3       2       5     170
      15       3       2       6     208
      15       3       2       7     206
      15       4       1       1     200
      15       4       1       2     226
      15       4       1       3     216
      15       4       1       4     202
      15       4       1       5     194
      15       4       1       6     200
      15       4       1       7     181
      15       4       2       1     225
      15       4       2       2     201
      15       4       2       3     221
      15       4       2       4     226
      15       4       2       5     216
      15       4       2       6     211
      15       4       2       7     202
